ID	ra_center	dec_center
0	3.657600	2.477700
1	1.342700	-2.479200
2	8.658700	2.476500
3	6.345600	-2.481000
4	13.658600	2.475700
5	11.348800	-2.483100
6	18.656800	2.475100
7	16.352100	-2.485400
8	23.653300	2.474600
9	21.355100	-2.487800
10	28.648200	2.474300
11	26.357700	-2.490300
12	33.641400	2.474000
13	31.359900	-2.492700
14	38.633300	2.473600
15	36.361800	-2.495000
16	43.624000	2.473100
17	41.363500	-2.497000
18	48.613800	2.472600
19	46.365300	-2.498800
20	53.603200	2.471900
21	51.367300	-2.500400
22	58.592300	2.471100
23	56.369900	-2.501700
24	63.581300	2.470300
25	61.373100	-2.502800
26	68.570600	2.469600
27	66.377200	-2.503700
28	73.560300	2.468900
29	71.382300	-2.504500
30	78.550300	2.468400
31	76.388300	-2.505100
32	83.540900	2.468200
33	81.395300	-2.505600
34	88.532000	2.468100
35	86.403100	-2.506000
36	93.523500	2.468400
37	91.411500	-2.506400
38	98.515500	2.469000
39	96.420400	-2.506800
40	103.507800	2.469800
41	101.429700	-2.507100
42	108.500600	2.470900
43	106.439000	-2.507400
44	113.493700	2.472300
45	111.448300	-2.507600
46	118.487300	2.473800
47	116.457300	-2.507700
48	123.481200	2.475500
49	121.466100	-2.507700
50	128.475600	2.477400
51	126.474500	-2.507600
52	133.470500	2.479300
53	131.482500	-2.507400
54	138.466000	2.481200
55	136.489900	-2.507000
56	143.462200	2.483100
57	141.497000	-2.506300
58	148.459300	2.485000
59	146.503600	-2.505500
60	153.457200	2.486900
61	151.509900	-2.504500
62	158.456100	2.488600
63	156.515800	-2.503300
64	163.456100	2.490400
65	161.521400	-2.501900
66	168.457100	2.492100
67	166.526700	-2.500400
68	173.459100	2.493800
69	171.531600	-2.498800
70	178.462100	2.495500
71	176.535900	-2.497100
72	183.465800	2.497200
73	181.539700	-2.495500
74	188.470200	2.498800
75	186.542600	-2.493800
76	193.475000	2.500400
77	191.544600	-2.492100
78	198.480300	2.502000
79	196.545600	-2.490400
80	203.485800	2.503400
81	201.545500	-2.488700
82	208.491700	2.504600
83	206.544400	-2.486900
84	213.497900	2.505600
85	211.542300	-2.485100
86	218.504400	2.506400
87	216.539200	-2.483200
88	223.511400	2.507100
89	221.535300	-2.481300
90	228.518800	2.507500
91	226.530800	-2.479400
92	233.526600	2.507800
93	231.525600	-2.477500
94	238.534900	2.507900
95	236.519800	-2.475700
96	243.543500	2.507900
97	241.513600	-2.474000
98	248.552500	2.507800
99	246.507000	-2.472400
100	253.561600	2.507600
101	251.500000	-2.471100
102	258.570800	2.507300
103	256.492700	-2.470000
104	263.579800	2.507000
105	261.484900	-2.469200
106	268.588600	2.506600
107	266.476700	-2.468600
108	273.596800	2.506200
109	271.468100	-2.468400
110	278.604500	2.505800
111	276.459000	-2.468400
112	283.611300	2.505200
113	281.449400	-2.468700
114	288.617100	2.504600
115	286.439300	-2.469100
116	293.622000	2.503900
117	291.428800	-2.469800
118	298.626000	2.503000
119	296.417900	-2.470500
120	303.629100	2.501900
121	301.406800	-2.471300
122	308.631500	2.500600
123	306.395800	-2.472100
124	313.633400	2.499000
125	311.385000	-2.472700
126	318.635100	2.497200
127	316.374700	-2.473300
128	323.636700	2.495100
129	321.365300	-2.473700
130	328.638500	2.492800
131	326.357100	-2.474100
132	333.640600	2.490400
133	331.350200	-2.474400
134	338.643100	2.487900
135	336.345000	-2.474700
136	343.646100	2.485400
137	341.341400	-2.475100
138	348.649300	2.483100
139	346.339600	-2.475700
140	353.652500	2.481000
141	351.339400	-2.476500
142	358.655400	2.479200
143	356.340500	-2.477700
144	2.425100	7.458500
145	2.638600	-7.457200
146	7.491500	7.461000
147	7.703200	-7.457100
148	12.558300	7.464400
149	12.766600	-7.458000
150	17.625400	7.468600
151	17.828500	-7.459800
152	22.692600	7.473300
153	22.889000	-7.462100
154	27.759900	7.478100
155	27.948000	-7.464700
156	32.827200	7.482800
157	33.005800	-7.467200
158	37.894900	7.487100
159	38.062700	-7.469500
160	42.963000	7.490800
161	43.118900	-7.471400
162	48.031800	7.493800
163	48.174800	-7.472800
164	53.101700	7.496100
165	53.230900	-7.473700
166	58.172900	7.497700
167	58.287400	-7.474000
168	63.245500	7.498700
169	63.344700	-7.473900
170	68.319800	7.499200
171	68.403000	-7.473500
172	73.395700	7.499300
173	73.462500	-7.473000
174	78.473200	7.499300
175	78.523300	-7.472500
176	83.552200	7.499200
177	83.585400	-7.472200
178	88.632500	7.499100
179	88.648600	-7.472100
180	93.713800	7.499100
181	93.713000	-7.472300
182	98.795900	7.499200
183	98.778400	-7.472900
184	103.878500	7.499400
185	103.844700	-7.473900
186	108.961400	7.499800
187	108.911700	-7.475100
188	114.044200	7.500200
189	113.979400	-7.476500
190	119.126900	7.500600
191	119.047600	-7.478200
192	124.209300	7.501000
193	124.116300	-7.479900
194	129.291100	7.501200
195	129.185500	-7.481700
196	134.372500	7.501300
197	134.255100	-7.483400
198	139.453300	7.501100
199	139.325300	-7.484900
200	144.533600	7.500500
201	144.396100	-7.486200
202	149.613500	7.499700
203	149.467600	-7.487300
204	154.693000	7.498600
205	154.539900	-7.488100
206	159.772200	7.497200
207	159.613200	-7.488800
208	164.851100	7.495700
209	164.687500	-7.489400
210	169.929700	7.494200
211	169.762800	-7.490000
212	175.008000	7.492800
213	174.839000	-7.490700
214	180.085700	7.491700
215	179.916100	-7.491700
216	185.162800	7.490800
217	184.993800	-7.492900
218	190.239000	7.490100
219	190.072100	-7.494300
220	195.314300	7.489500
221	195.150700	-7.495800
222	200.388500	7.489000
223	200.229600	-7.497400
224	205.461700	7.488300
225	205.308700	-7.498800
226	210.534000	7.487500
227	210.388100	-7.500000
228	215.605400	7.486500
229	215.467900	-7.500800
230	220.676100	7.485200
231	220.548100	-7.501400
232	225.746200	7.483800
233	225.628800	-7.501600
234	230.815700	7.482100
235	230.710100	-7.501600
236	235.884800	7.480400
237	235.791800	-7.501400
238	240.953300	7.478700
239	240.874100	-7.501100
240	246.021400	7.477100
241	245.956600	-7.500700
242	251.088900	7.475600
243	251.039300	-7.500300
244	256.155800	7.474400
245	256.122000	-7.500000
246	261.221900	7.473500
247	261.204400	-7.499700
248	266.287200	7.472900
249	266.286400	-7.499600
250	271.351400	7.472700
251	271.367500	-7.499600
252	276.414500	7.472800
253	276.447600	-7.499800
254	281.476400	7.473100
255	281.526500	-7.499900
256	286.537000	7.473600
257	286.603800	-7.499900
258	291.596300	7.474100
259	291.679500	-7.499800
260	296.654500	7.474400
261	296.753600	-7.499300
262	301.711600	7.474500
263	301.826100	-7.498300
264	306.768000	7.474200
265	306.897100	-7.496600
266	311.823900	7.473300
267	311.966900	-7.494300
268	316.879700	7.471900
269	317.035600	-7.491200
270	321.935800	7.469900
271	322.103600	-7.487500
272	326.992600	7.467600
273	327.171100	-7.483200
274	332.050300	7.465000
275	332.238400	-7.478400
276	337.109300	7.462300
277	337.305600	-7.473600
278	342.169600	7.460000
279	342.372700	-7.468800
280	347.231500	7.458200
281	347.439700	-7.464600
282	352.294800	7.457200
283	352.506600	-7.461100
284	357.359400	7.457300
285	357.573000	-7.458600
286	2.581200	12.446500
287	2.565700	-12.446600
288	7.729900	12.448300
289	7.714600	-12.448500
290	12.877500	12.451600
291	12.862600	-12.452000
292	18.023700	12.456100
293	18.009400	-12.456700
294	23.168100	12.461300
295	23.154500	-12.461900
296	28.310700	12.466600
297	28.297900	-12.467200
298	33.451700	12.471500
299	33.439700	-12.472100
300	38.591100	12.475500
301	38.580100	-12.476000
302	43.729500	12.478400
303	43.719400	-12.478900
304	48.867200	12.480000
305	48.858100	-12.480300
306	54.004700	12.480300
307	53.996600	-12.480500
308	59.142500	12.479500
309	59.135200	-12.479400
310	64.281000	12.477600
311	64.274500	-12.477300
312	69.420400	12.475000
313	69.414600	-12.474500
314	74.561000	12.472000
315	74.555800	-12.471200
316	79.702900	12.468900
317	79.698200	-12.467800
318	84.845900	12.465900
319	84.841600	-12.464600
320	89.990100	12.463300
321	89.985900	-12.461800
322	95.135000	12.461200
323	95.130900	-12.459500
324	100.280500	12.459700
325	100.276400	-12.457700
326	105.426300	12.458700
327	105.422000	-12.456600
328	110.572200	12.458300
329	110.567600	-12.456000
330	115.717800	12.458200
331	115.712800	-12.455800
332	120.863100	12.458500
333	120.857700	-12.456000
334	126.007900	12.458900
335	126.001900	-12.456500
336	131.152100	12.459300
337	131.145600	-12.456900
338	136.295700	12.459500
339	136.288600	-12.457200
340	141.438700	12.459400
341	141.431000	-12.457300
342	146.581200	12.458900
343	146.572900	-12.457000
344	151.723400	12.457900
345	151.714600	-12.456200
346	156.865400	12.456500
347	156.856200	-12.455100
348	162.007500	12.454900
349	161.998000	-12.453700
350	167.149700	12.453200
351	167.139900	-12.452400
352	172.292200	12.451800
353	172.282100	-12.451300
354	177.434700	12.451000
355	177.424600	-12.450900
356	182.577300	12.450900
357	182.567200	-12.451100
358	187.719800	12.451500
359	187.709700	-12.452000
360	192.862000	12.452600
361	192.852200	-12.453400
362	198.003900	12.454000
363	197.994400	-12.455100
364	203.145600	12.455400
365	203.136400	-12.456900
366	208.287100	12.456600
367	208.278400	-12.458300
368	213.428700	12.457500
369	213.420500	-12.459400
370	218.570600	12.457900
371	218.562900	-12.460000
372	223.712900	12.457900
373	223.705800	-12.460200
374	228.855800	12.457600
375	228.849300	-12.460000
376	233.999300	12.457200
377	233.993300	-12.459600
378	239.143400	12.456900
379	239.138000	-12.459300
380	244.288100	12.456700
381	244.283100	-12.459100
382	249.433200	12.456900
383	249.428600	-12.459200
384	254.578600	12.457500
385	254.574300	-12.459700
386	259.724100	12.458700
387	259.719900	-12.460700
388	264.869400	12.460500
389	264.865300	-12.462200
390	270.014200	12.462800
391	270.010000	-12.464300
392	275.158300	12.465700
393	275.154000	-12.466900
394	280.301600	12.468900
395	280.296800	-12.469900
396	285.443700	12.472200
397	285.438500	-12.473000
398	290.584700	12.475500
399	290.579000	-12.476000
400	295.724700	12.478300
401	295.718200	-12.478500
402	300.863800	12.480300
403	300.856500	-12.480400
404	306.002300	12.481400
405	305.994200	-12.481200
406	311.140600	12.481200
407	311.131500	-12.480800
408	316.279100	12.479600
409	316.269100	-12.479100
410	321.418300	12.476700
411	321.407300	-12.476200
412	326.558600	12.472700
413	326.546600	-12.472100
414	331.700200	12.467800
415	331.687400	-12.467100
416	336.843600	12.462400
417	336.830000	-12.461800
418	341.988700	12.457000
419	341.974300	-12.456500
420	347.135300	12.452300
421	347.120400	-12.451900
422	352.283300	12.448700
423	352.268000	-12.448400
424	357.432200	12.446700
425	357.416700	-12.446600
426	2.605600	17.442900
427	2.605500	-17.442900
428	7.818900	17.446200
429	7.818900	-17.446200
430	13.031800	17.452400
431	13.031700	-17.452400
432	18.244200	17.460600
433	18.244200	-17.460700
434	23.456400	17.470000
435	23.456300	-17.470000
436	28.668800	17.479300
437	28.668700	-17.479400
438	33.882000	17.487800
439	33.881900	-17.487900
440	39.096800	17.494600
441	39.096600	-17.494700
442	44.313800	17.499200
443	44.313600	-17.499300
444	49.533800	17.501400
445	49.533600	-17.501500
446	54.757300	17.501000
447	54.757100	-17.501100
448	59.984500	17.498300
449	59.984300	-17.498300
450	65.215500	17.493500
451	65.215200	-17.493600
452	70.449900	17.487200
453	70.449600	-17.487300
454	75.687000	17.480100
455	75.686700	-17.480200
456	80.925800	17.472700
457	80.925600	-17.472700
458	86.165400	17.465600
459	86.165100	-17.465600
460	91.404500	17.459300
461	91.404300	-17.459300
462	96.642200	17.454000
463	96.642000	-17.453900
464	101.877900	17.449900
465	101.877700	-17.449800
466	107.110800	17.447000
467	107.110700	-17.446900
468	112.340900	17.445200
469	112.340700	-17.445200
470	117.567600	17.444500
471	117.567500	-17.444400
472	122.791000	17.444500
473	122.791000	-17.444300
474	128.010900	17.444900
475	128.010800	-17.444800
476	133.227000	17.445500
477	133.226900	-17.445400
478	138.439200	17.445900
479	138.439200	-17.445700
480	143.647300	17.445700
481	143.647400	-17.445600
482	148.851400	17.444700
483	148.851400	-17.444600
484	154.051400	17.442900
485	154.051400	-17.442800
486	159.247400	17.440400
487	159.247400	-17.440300
488	164.439600	17.437600
489	164.439700	-17.437500
490	169.628700	17.434900
491	169.628800	-17.434900
492	174.815500	17.433100
493	174.815600	-17.433100
494	180.001000	17.432500
495	180.001100	-17.432500
496	185.186500	17.433200
497	185.186600	-17.433200
498	190.373200	17.435100
499	190.373300	-17.435200
500	195.562300	17.437900
501	195.562400	-17.437900
502	200.754600	17.440800
503	200.754600	-17.440900
504	205.950500	17.443400
505	205.950600	-17.443500
506	211.150400	17.445300
507	211.150500	-17.445400
508	216.354400	17.446400
509	216.354500	-17.446500
510	221.562500	17.446600
511	221.562500	-17.446800
512	226.774600	17.446400
513	226.774600	-17.446500
514	231.990600	17.445900
515	231.990600	-17.446000
516	237.210400	17.445500
517	237.210300	-17.445600
518	242.433600	17.445600
519	242.433500	-17.445700
520	247.660300	17.446500
521	247.660200	-17.446600
522	252.890100	17.448300
523	252.890000	-17.448400
524	258.123000	17.451200
525	258.122800	-17.451300
526	263.358400	17.455400
527	263.358200	-17.455400
528	268.596000	17.460800
529	268.595700	-17.460800
530	273.834900	17.467100
531	273.834600	-17.467100
532	279.074200	17.474200
533	279.074000	-17.474200
534	284.312800	17.481600
535	284.312600	-17.481600
536	289.549700	17.488700
537	289.549500	-17.488700
538	294.783900	17.495000
539	294.783600	-17.494900
540	300.014600	17.499700
541	300.014400	-17.499600
542	305.241700	17.502400
543	305.241400	-17.502300
544	310.464900	17.502700
545	310.464700	-17.502600
546	315.684700	17.500500
547	315.684600	-17.500400
548	320.901600	17.495700
549	320.901500	-17.495600
550	326.116200	17.488800
551	326.116100	-17.488700
552	331.329300	17.480200
553	331.329200	-17.480100
554	336.541500	17.470700
555	336.541400	-17.470600
556	341.753600	17.461300
557	341.753500	-17.461200
558	346.966000	17.452800
559	346.965900	-17.452800
560	352.178800	17.446500
561	352.178800	-17.446400
562	357.392100	17.443000
563	357.392100	-17.443000
564	2.681900	22.463300
565	2.681200	-22.463300
566	8.048200	22.467900
567	8.047600	-22.468000
568	13.416100	22.476400
569	13.415500	-22.476500
570	18.786500	22.487100
571	18.785900	-22.487300
572	24.159700	22.498500
573	24.159100	-22.498800
574	29.536200	22.508900
575	29.535600	-22.509200
576	34.916000	22.517000
577	34.915400	-22.517300
578	40.299000	22.521700
579	40.298600	-22.522000
580	45.685200	22.522400
581	45.684800	-22.522800
582	51.074200	22.519100
583	51.073800	-22.519500
584	56.465300	22.512000
585	56.465000	-22.512500
586	61.857700	22.502000
587	61.857300	-22.502400
588	67.249700	22.490000
589	67.249500	-22.490500
590	72.639600	22.477600
591	72.639400	-22.478100
592	78.025000	22.465900
593	78.024900	-22.466400
594	83.403500	22.456000
595	83.403400	-22.456500
596	88.773200	22.448600
597	88.773100	-22.449000
598	94.132900	22.443800
599	94.132900	-22.444300
600	99.482700	22.441700
601	99.482800	-22.442200
602	104.823800	22.442000
603	104.824000	-22.442400
604	110.158500	22.444300
605	110.158700	-22.444800
606	115.489400	22.448500
607	115.489700	-22.448900
608	120.819800	22.454000
609	120.820200	-22.454400
610	126.152600	22.460800
611	126.153000	-22.461100
612	131.490600	22.468300
613	131.491100	-22.468600
614	136.836200	22.476000
615	136.836700	-22.476300
616	142.191500	22.483400
617	142.192100	-22.483700
618	147.558300	22.489900
619	147.558900	-22.490100
620	152.937700	22.495100
621	152.938200	-22.495300
622	158.330000	22.498800
623	158.330600	-22.499000
624	163.734800	22.501200
625	163.735400	-22.501300
626	169.150200	22.502600
627	169.150800	-22.502700
628	174.573400	22.503300
629	174.574100	-22.503300
630	180.000900	22.503500
631	180.001600	-22.503500
632	185.428400	22.503500
633	185.429000	-22.503400
634	190.851700	22.503000
635	190.852300	-22.502900
636	196.267000	22.501800
637	196.267600	-22.501700
638	201.671600	22.499600
639	201.672200	-22.499500
640	207.063900	22.496100
641	207.064500	-22.495900
642	212.443200	22.491100
643	212.443700	-22.490900
644	217.809800	22.484800
645	217.810400	-22.484500
646	223.165100	22.477600
647	223.165600	-22.477300
648	228.510600	22.470000
649	228.511000	-22.469700
650	233.848400	22.462700
651	233.848900	-22.462300
652	239.181200	22.456100
653	239.181500	-22.455700
654	244.511400	22.450600
655	244.511700	-22.450200
656	249.842300	22.446600
657	249.842500	-22.446200
658	255.176800	22.444400
659	255.177000	-22.443900
660	260.517800	22.444200
661	260.517900	-22.443700
662	265.867500	22.446400
663	265.867500	-22.445900
664	271.227000	22.451100
665	271.227000	-22.450700
666	276.596500	22.458600
667	276.596400	-22.458100
668	281.974800	22.468500
669	281.974600	-22.468000
670	287.360000	22.480100
671	287.359800	-22.479600
672	292.749700	22.492500
673	292.749400	-22.492000
674	298.141500	22.504300
675	298.141200	-22.503900
676	303.533700	22.514300
677	303.533300	-22.513900
678	308.924600	22.521200
679	308.924200	-22.520800
680	314.313400	22.524400
681	314.313000	-22.524000
682	319.699500	22.523500
683	319.699000	-22.523100
684	325.082400	22.518600
685	325.081900	-22.518300
686	330.462100	22.510300
687	330.461500	-22.510100
688	335.838400	22.499700
689	335.837800	-22.499500
690	341.211600	22.488100
691	341.211000	-22.487900
692	346.581800	22.477100
693	346.581200	-22.476900
694	351.949700	22.468300
695	351.949100	-22.468300
696	357.316100	22.463400
697	357.315400	-22.463400
698	2.812600	27.477600
699	2.812100	-27.477600
700	8.439700	27.483100
701	8.439100	-27.483200
702	14.064400	27.493100
703	14.063900	-27.493200
704	19.686500	27.505300
705	19.686000	-27.505500
706	25.306500	27.517400
707	25.306000	-27.517700
708	30.925600	27.527400
709	30.925100	-27.527700
710	36.545400	27.533400
711	36.544900	-27.533800
712	42.167100	27.534600
713	42.166600	-27.535000
714	47.791400	27.530300
715	47.791000	-27.530800
716	53.418600	27.521100
717	53.418200	-27.521600
718	59.048700	27.508100
719	59.048400	-27.508600
720	64.681600	27.493400
721	64.681300	-27.493900
722	70.316700	27.479500
723	70.316500	-27.480100
724	75.953500	27.469300
725	75.953300	-27.469800
726	81.590900	27.464400
727	81.590900	-27.465000
728	87.228000	27.465400
729	87.227900	-27.466000
730	92.863200	27.471700
731	92.863200	-27.472300
732	98.495000	27.481400
733	98.495100	-27.482000
734	104.121700	27.492600
735	104.121800	-27.493200
736	109.742100	27.503400
737	109.742300	-27.504000
738	115.355700	27.512700
739	115.355900	-27.513200
740	120.963500	27.519700
741	120.963800	-27.520100
742	126.567900	27.524300
743	126.568200	-27.524700
744	132.172100	27.526300
745	132.172500	-27.526800
746	137.779500	27.525500
747	137.779900	-27.525900
748	143.392700	27.521400
749	143.393100	-27.521700
750	149.012600	27.514000
751	149.013100	-27.514200
752	154.639000	27.503800
753	154.639500	-27.504000
754	160.270500	27.492200
755	160.271000	-27.492400
756	165.905600	27.481000
757	165.906100	-27.481200
758	171.543000	27.472200
759	171.543500	-27.472200
760	177.181600	27.467300
761	177.182200	-27.467300
762	182.820700	27.467500
763	182.821300	-27.467400
764	188.459300	27.472600
765	188.459900	-27.472500
766	194.096600	27.481800
767	194.097200	-27.481600
768	199.731700	27.493200
769	199.732200	-27.493000
770	205.363100	27.505100
771	205.363600	-27.504800
772	210.989400	27.515500
773	210.989900	-27.515200
774	216.609200	27.523200
775	216.609700	-27.522900
776	222.222200	27.527500
777	222.222700	-27.527200
778	227.829500	27.528600
779	227.829900	-27.528200
780	233.433600	27.526700
781	233.433900	-27.526300
782	239.037800	27.522300
783	239.038100	-27.521800
784	244.645500	27.515500
785	244.645800	-27.515000
786	250.259000	27.506400
787	250.259200	-27.505900
788	255.879100	27.495700
789	255.879300	-27.495200
790	261.505600	27.484700
791	261.505700	-27.484100
792	267.137200	27.475000
793	267.137200	-27.474400
794	272.772200	27.468900
795	272.772100	-27.468300
796	278.408900	27.467800
797	278.408900	-27.467200
798	284.046100	27.472700
799	284.046000	-27.472100
800	289.682600	27.482900
801	289.682400	-27.482300
802	295.317500	27.496600
803	295.317200	-27.496000
804	300.950000	27.511100
805	300.949700	-27.510600
806	306.580000	27.524000
807	306.579600	-27.523500
808	312.207000	27.533000
809	312.206600	-27.532500
810	317.831100	27.537000
811	317.830600	-27.536600
812	323.452600	27.535600
813	323.452100	-27.535200
814	329.072200	27.529300
815	329.071700	-27.529000
816	334.691200	27.519100
817	334.690700	-27.518800
818	340.311100	27.506600
819	340.310500	-27.506400
820	345.933000	27.494100
821	345.932500	-27.493900
822	351.557700	27.483700
823	351.557100	-27.483600
824	357.184700	27.477800
825	357.184100	-27.477800
826	2.943700	32.485500
827	2.943200	-32.485600
828	8.836400	32.494200
829	8.835900	-32.494300
830	14.733900	32.509100
831	14.733400	-32.509200
832	20.638100	32.525700
833	20.637600	-32.525900
834	26.549400	32.540300
835	26.548900	-32.540500
836	32.466700	32.549700
837	32.466200	-32.550000
838	38.388000	32.552300
839	38.387500	-32.552600
840	44.310300	32.547500
841	44.309900	-32.547900
842	50.230100	32.535700
843	50.229800	-32.536200
844	56.143300	32.518500
845	56.143000	-32.519000
846	62.045500	32.498500
847	62.045300	-32.499000
848	67.933600	32.479200
849	67.933300	-32.479700
850	73.806400	32.464700
851	73.806200	-32.465300
852	79.666400	32.458200
853	79.666300	-32.458700
854	85.519100	32.460600
855	85.519100	-32.461100
856	91.372600	32.471200
857	91.372600	-32.471800
858	97.235400	32.488100
859	97.235400	-32.488600
860	103.114800	32.508300
861	103.114900	-32.508900
862	109.015800	32.529000
863	109.016000	-32.529500
864	114.940100	32.547000
865	114.940300	-32.547500
866	120.885700	32.559900
867	120.886000	-32.560400
868	126.847800	32.566000
869	126.848100	-32.566400
870	132.818100	32.564600
871	132.818500	-32.565000
872	138.786800	32.556000
873	138.787300	-32.556300
874	144.743600	32.541400
875	144.744100	-32.541800
876	150.679900	32.523200
877	150.680400	-32.523500
878	156.590300	32.503800
879	156.590800	-32.504000
880	162.473400	32.485500
881	162.474000	-32.485700
882	168.332000	32.470400
883	168.332500	-32.470500
884	174.171700	32.460400
885	174.172300	-32.460400
886	180.001400	32.457000
887	180.001900	-32.457000
888	185.831000	32.460800
889	185.831600	-32.460700
890	191.670800	32.471200
891	191.671400	-32.471100
892	197.529400	32.486700
893	197.529900	-32.486500
894	203.412500	32.505300
895	203.413000	-32.505100
896	209.322900	32.525100
897	209.323400	-32.524800
898	215.259000	32.543600
899	215.259500	-32.543300
900	221.215600	32.558500
901	221.216100	-32.558100
902	227.184100	32.567400
903	227.184500	-32.567000
904	233.154200	32.569000
905	233.154600	-32.568600
906	239.115900	32.563200
907	239.116200	-32.562700
908	245.061300	32.550500
909	245.061500	-32.550000
910	250.985200	32.532800
911	250.985400	-32.532200
912	256.886000	32.512300
913	256.886100	-32.511700
914	262.765100	32.492200
915	262.765200	-32.491600
916	268.627600	32.475500
917	268.627600	-32.474900
918	274.480900	32.464900
919	274.480800	-32.464300
920	280.333400	32.462500
921	280.333300	-32.462000
922	286.193100	32.469100
923	286.192900	-32.468500
924	292.065500	32.483400
925	292.065300	-32.482800
926	297.953200	32.502400
927	297.952900	-32.501900
928	303.855100	32.522300
929	303.854700	-32.521800
930	309.767900	32.539200
931	309.767500	-32.538700
932	315.687400	32.550600
933	315.687000	-32.550200
934	321.609400	32.555100
935	321.609000	-32.554800
936	327.530500	32.552200
937	327.530000	-32.551900
938	333.447600	32.542400
939	333.447100	-32.542200
940	339.358700	32.527500
941	339.358200	-32.527300
942	345.262800	32.510400
943	345.262200	-32.510200
944	351.160200	32.495100
945	351.159600	-32.495000
946	357.052800	32.485800
947	357.052300	-32.485800
948	3.152500	37.487200
949	3.152000	-37.487200
950	9.462500	37.497200
951	9.461900	-37.497200
952	15.773200	37.513200
953	15.772700	-37.513300
954	22.084900	37.529800
955	22.084400	-37.530000
956	28.398300	37.542400
957	28.397800	-37.542700
958	34.714600	37.548100
959	34.714200	-37.548400
960	41.035400	37.545700
961	41.035000	-37.546100
962	47.361800	37.535900
963	47.361500	-37.536300
964	53.693500	37.521200
965	53.693100	-37.521600
966	60.027400	37.505300
967	60.027100	-37.505800
968	66.358200	37.492700
969	66.358000	-37.493200
970	72.681000	37.486900
971	72.680800	-37.487400
972	78.993800	37.488800
973	78.993700	-37.489300
974	85.297900	37.496600
975	85.297900	-37.497100
976	91.596400	37.507100
977	91.596400	-37.507600
978	97.892200	37.517400
979	97.892300	-37.517900
980	104.188400	37.525600
981	104.188500	-37.526200
982	110.488300	37.530700
983	110.488500	-37.531200
984	116.796200	37.531500
985	116.796500	-37.532000
986	123.115900	37.528200
987	123.116200	-37.528600
988	129.448600	37.522000
989	129.448900	-37.522400
990	135.790600	37.515400
991	135.791000	-37.515800
992	142.134500	37.510400
993	142.135000	-37.510800
994	148.472100	37.508300
995	148.472500	-37.508600
996	154.797500	37.508900
997	154.798000	-37.509100
998	161.109500	37.511100
999	161.110100	-37.511300
1000	167.411300	37.513300
1001	167.411900	-37.513400
1002	173.707600	37.514600
1003	173.708100	-37.514700
1004	180.001900	37.515200
1005	180.002400	-37.515200
1006	186.296200	37.515200
1007	186.296700	-37.515100
1008	192.592400	37.514300
1009	192.592900	-37.514200
1010	198.894100	37.512600
1011	198.894700	-37.512400
1012	205.206200	37.510900
1013	205.206700	-37.510700
1014	211.531500	37.510800
1015	211.531900	-37.510500
1016	217.868800	37.513400
1017	217.869300	-37.513000
1018	224.212500	37.518800
1019	224.212900	-37.518400
1020	230.554200	37.525800
1021	230.554500	-37.525400
1022	236.886400	37.532300
1023	236.886700	-37.531800
1024	243.205800	37.536000
1025	243.206000	-37.535500
1026	249.513300	37.535400
1027	249.513500	-37.534900
1028	255.812900	37.530600
1029	255.813000	-37.530100
1030	262.108700	37.522500
1031	262.108800	-37.522000
1032	268.404100	37.512400
1033	268.404100	-37.511900
1034	274.702200	37.502000
1035	274.702200	-37.501500
1036	281.006000	37.494300
1037	281.005900	-37.493800
1038	287.318200	37.492400
1039	287.318100	-37.491800
1040	293.640400	37.498000
1041	293.640200	-37.497500
1042	299.970700	37.510400
1043	299.970400	-37.509900
1044	306.304100	37.525800
1045	306.303700	-37.525400
1046	312.635200	37.540100
1047	312.634900	-37.539700
1048	318.961300	37.549500
1049	318.960900	-37.549100
1050	325.281800	37.551400
1051	325.281300	-37.551100
1052	331.597800	37.545300
1053	331.597300	-37.545000
1054	337.910900	37.532200
1055	337.910400	-37.532000
1056	344.222500	37.515000
1057	344.221900	-37.514900
1058	350.533000	37.498300
1059	350.532500	-37.498200
1060	356.842900	37.487600
1061	356.842400	-37.487600
1062	3.393900	42.473700
1063	3.393400	-42.473700
1064	10.186100	42.488700
1065	10.185500	-42.488800
1066	16.973400	42.511500
1067	16.972900	-42.511600
1068	23.757100	42.532400
1069	23.756600	-42.532600
1070	30.540900	42.544100
1071	30.540400	-42.544300
1072	37.328900	42.542500
1073	37.328400	-42.542800
1074	44.124300	42.527700
1075	44.123900	-42.528000
1076	50.929000	42.503800
1077	50.928700	-42.504200
1078	57.743300	42.479500
1079	57.743000	-42.479900
1080	64.563300	42.465300
1081	64.563000	-42.465700
1082	71.380000	42.467000
1083	71.379800	-42.467500
1084	78.183500	42.482200
1085	78.183400	-42.482600
1086	84.967300	42.503700
1087	84.967200	-42.504200
1088	91.732000	42.524300
1089	91.732000	-42.524800
1090	98.485900	42.538800
1091	98.486000	-42.539300
1092	105.241900	42.544600
1093	105.242000	-42.545100
1094	112.012200	42.539700
1095	112.012400	-42.540200
1096	118.803000	42.523400
1097	118.803300	-42.523800
1098	125.612400	42.499800
1099	125.612700	-42.500200
1100	132.433200	42.478600
1101	132.433500	-42.478900
1102	139.258400	42.468600
1103	139.258800	-42.468900
1104	146.082900	42.473400
1105	146.083400	-42.473700
1106	152.900700	42.490200
1107	152.901200	-42.490400
1108	159.705200	42.511400
1109	159.705700	-42.511600
1110	166.490500	42.528700
1111	166.491100	-42.528900
1112	173.254300	42.538400
1113	173.254900	-42.538400
1114	180.002500	42.541300
1115	180.003000	-42.541300
1116	186.750700	42.539000
1117	186.751200	-42.539000
1118	193.514500	42.530000
1119	193.515100	-42.529900
1120	200.299900	42.513300
1121	200.300400	-42.513100
1122	207.104300	42.492800
1123	207.104800	-42.492600
1124	213.921900	42.476700
1125	213.922400	-42.476500
1126	220.746100	42.472600
1127	220.746500	-42.472300
1128	227.570900	42.483200
1129	227.571300	-42.482800
1130	234.391200	42.505000
1131	234.391500	-42.504500
1132	241.199900	42.529000
1133	241.200200	-42.528500
1134	247.990100	42.545700
1135	247.990300	-42.545200
1136	254.759900	42.550800
1137	254.760000	-42.550300
1138	261.515400	42.545300
1139	261.515500	-42.544800
1140	268.268900	42.531000
1141	268.268900	-42.530500
1142	275.033100	42.510600
1143	275.033100	-42.510100
1144	281.816300	42.489200
1145	281.816100	-42.488800
1146	288.618900	42.474100
1147	288.618800	-42.473600
1148	295.434700	42.472200
1149	295.434500	-42.471700
1150	302.253700	42.486000
1151	302.253400	-42.485500
1152	309.067200	42.509600
1153	309.066900	-42.509200
1154	315.871400	42.532800
1155	315.871000	-42.532500
1156	322.666300	42.547000
1157	322.665800	-42.546700
1158	329.453800	42.548000
1159	329.453400	-42.547700
1160	336.237300	42.535700
1161	336.236800	-42.535500
1162	343.020700	42.514000
1163	343.020100	-42.513900
1164	349.807700	42.490400
1165	349.807200	-42.490300
1166	356.599700	42.474300
1167	356.599100	-42.474300
1168	3.663400	47.476600
1169	3.662900	-47.476700
1170	11.004900	47.501500
1171	11.004400	-47.501600
1172	18.357500	47.535100
1173	18.356900	-47.535300
1174	25.720000	47.560300
1175	25.719500	-47.560500
1176	33.087700	47.566100
1177	33.087200	-47.566300
1178	40.453600	47.549700
1179	40.453100	-47.550000
1180	47.807800	47.516000
1181	47.807500	-47.516400
1182	55.138300	47.476900
1183	55.137900	-47.477300
1184	62.440700	47.451100
1185	62.440400	-47.451500
1186	69.729700	47.454900
1187	69.729500	-47.455400
1188	77.030800	47.485500
1189	77.030600	-47.486000
1190	84.363500	47.528700
1191	84.363400	-47.529100
1192	91.735300	47.566200
1193	91.735300	-47.566700
1194	99.143400	47.583300
1195	99.143500	-47.583700
1196	106.575400	47.575300
1197	106.575600	-47.575800
1198	114.005600	47.547500
1199	114.005800	-47.547900
1200	121.396800	47.509300
1201	121.397100	-47.509700
1202	128.723000	47.475000
1203	128.723400	-47.475400
1204	135.991100	47.456200
1205	135.991600	-47.456500
1206	143.231700	47.457100
1207	143.232200	-47.457400
1208	150.479400	47.479200
1209	150.479900	-47.479400
1210	157.765000	47.514300
1211	157.765500	-47.514400
1212	165.112300	47.548400
1213	165.112900	-47.548500
1214	172.531800	47.572700
1215	172.532300	-47.572800
1216	180.003900	47.582100
1217	180.004500	-47.582100
1218	187.475900	47.573600
1219	187.476400	-47.573500
1220	194.894800	47.550100
1221	194.895400	-47.550000
1222	202.241700	47.516900
1223	202.242200	-47.516700
1224	209.526900	47.482800
1225	209.527400	-47.482600
1226	216.774300	47.461800
1227	216.774800	-47.461500
1228	224.014700	47.461800
1229	224.015100	-47.461500
1230	231.282600	47.481600
1231	231.283000	-47.481200
1232	238.608400	47.516500
1233	238.608700	-47.516100
1234	245.998700	47.555200
1235	245.999000	-47.554700
1236	253.427700	47.583400
1237	253.427900	-47.582900
1238	260.858500	47.591500
1239	260.858600	-47.591100
1240	268.265500	47.574800
1241	268.265600	-47.574400
1242	275.636300	47.537700
1243	275.636300	-47.537200
1244	282.968100	47.494900
1245	282.967900	-47.494500
1246	290.268200	47.464500
1247	290.268000	-47.464100
1248	297.556100	47.460400
1249	297.555900	-47.460000
1250	304.857300	47.485200
1251	304.857000	-47.484900
1252	312.186600	47.523300
1253	312.186200	-47.522900
1254	319.539900	47.555900
1255	319.539500	-47.555600
1256	326.905000	47.571400
1257	326.904500	-47.571200
1258	334.272000	47.564900
1259	334.271500	-47.564700
1260	341.634000	47.538800
1261	341.633500	-47.538600
1262	348.986100	47.504000
1263	348.985500	-47.503900
1264	356.327300	47.477600
1265	356.326700	-47.477600
1266	4.079800	52.496400
1267	4.079200	-52.496500
1268	12.253300	52.530500
1269	12.252700	-52.530600
1270	20.428500	52.572000
1271	20.427900	-52.572200
1272	28.611200	52.595400
1273	28.610600	-52.595600
1274	36.803400	52.587200
1275	36.803000	-52.587500
1276	45.005900	52.552300
1277	45.005400	-52.552600
1278	53.219600	52.511800
1279	53.219300	-52.512100
1280	61.429200	52.491000
1281	61.428900	-52.491400
1282	69.604500	52.503600
1283	69.604300	-52.504000
1284	77.744200	52.536000
1285	77.744000	-52.536400
1286	85.878400	52.571900
1287	85.878400	-52.572300
1288	94.037900	52.589500
1289	94.038000	-52.589900
1290	102.230100	52.574300
1291	102.230200	-52.574700
1292	110.451100	52.538500
1293	110.451300	-52.538900
1294	118.691500	52.514500
1295	118.691800	-52.514900
1296	126.917600	52.519000
1297	126.917900	-52.519300
1298	135.096000	52.535700
1299	135.096400	-52.536000
1300	143.222300	52.549700
1301	143.222800	-52.549900
1302	151.330300	52.564500
1303	151.330900	-52.564700
1304	159.466500	52.571200
1305	159.467100	-52.571400
1306	167.652100	52.555100
1307	167.652600	-52.555100
1308	175.881300	52.531900
1309	175.881900	-52.532000
1310	184.130000	52.532700
1311	184.130600	-52.532700
1312	192.358800	52.557300
1313	192.359400	-52.557200
1314	200.543600	52.574600
1315	200.544200	-52.574400
1316	208.679200	52.569000
1317	208.679700	-52.568800
1318	216.786900	52.555600
1319	216.787400	-52.555400
1320	224.913200	52.543000
1321	224.913600	-52.542700
1322	233.091100	52.527600
1323	233.091400	-52.527300
1324	241.315900	52.524600
1325	241.316200	-52.524200
1326	249.554300	52.549400
1327	249.554500	-52.549000
1328	257.773400	52.585300
1329	257.773500	-52.584900
1330	265.963900	52.600800
1331	265.964000	-52.600400
1332	274.122100	52.583700
1333	274.122000	-52.583300
1334	282.255100	52.548500
1335	282.255000	-52.548100
1336	290.393400	52.516500
1337	290.393200	-52.516100
1338	298.566400	52.503900
1339	298.566100	-52.503600
1340	306.772900	52.523000
1341	306.772600	-52.522600
1342	314.984700	52.561500
1343	314.984300	-52.561200
1344	323.185900	52.595000
1345	323.185400	-52.594700
1346	331.377200	52.602000
1347	331.376600	-52.601800
1348	339.559000	52.577500
1349	339.558400	-52.577300
1350	347.733300	52.534500
1351	347.732700	-52.534500
1352	355.906100	52.498200
1353	355.905600	-52.498200
1354	4.586900	57.523600
1355	4.586200	-57.523600
1356	13.809800	57.575100
1357	13.809200	-57.575200
1358	23.074700	57.623600
1359	23.074100	-57.623800
1360	32.352400	57.636700
1361	32.351900	-57.636900
1362	41.592600	57.604300
1363	41.592200	-57.604500
1364	50.761500	57.542200
1365	50.761100	-57.542500
1366	59.895700	57.506200
1367	59.895400	-57.506500
1368	69.093700	57.540600
1369	69.093500	-57.541000
1370	78.396500	57.593100
1371	78.396400	-57.593500
1372	87.751800	57.626700
1373	87.751800	-57.627100
1374	97.071800	57.625500
1375	97.071900	-57.625900
1376	106.288600	57.582200
1377	106.288800	-57.582600
1378	115.384200	57.528100
1379	115.384500	-57.528400
1380	124.459100	57.532200
1381	124.459500	-57.532500
1382	133.653400	57.578100
1383	133.653800	-57.578400
1384	142.998000	57.615700
1385	142.998500	-57.615900
1386	152.402500	57.628600
1387	152.403100	-57.628800
1388	161.747600	57.612000
1389	161.748200	-57.612200
1390	170.946500	57.565100
1391	170.947200	-57.565200
1392	180.007900	57.534000
1393	180.008500	-57.534000
1394	189.069900	57.567600
1395	189.070600	-57.567600
1396	198.269800	57.616300
1397	198.270400	-57.616200
1398	207.614600	57.634600
1399	207.615100	-57.634400
1400	217.017700	57.623500
1401	217.018200	-57.623300
1402	226.359600	57.587900
1403	226.360000	-57.587600
1404	235.551400	57.544300
1405	235.551800	-57.544000
1406	244.625200	57.543000
1407	244.625400	-57.542700
1408	253.719900	57.597600
1409	253.720000	-57.597200
1410	262.934000	57.640900
1411	262.934100	-57.640500
1412	272.250700	57.642700
1413	272.250700	-57.642300
1414	281.602000	57.610000
1415	281.601800	-57.609600
1416	290.900500	57.558700
1417	290.900200	-57.558300
1418	300.094400	57.525400
1419	300.094100	-57.525100
1420	309.226000	57.557200
1421	309.225600	-57.556900
1422	318.392200	57.616000
1423	318.391700	-57.615700
1424	327.629900	57.646500
1425	327.629300	-57.646300
1426	336.905500	57.631800
1427	336.904900	-57.631700
1428	346.168600	57.581600
1429	346.168000	-57.581500
1430	355.390100	57.527200
1431	355.389500	-57.527200
1432	5.413400	62.546900
1433	5.412700	-62.546900
1434	16.291800	62.606500
1435	16.291100	-62.606600
1436	27.190200	62.649500
1437	27.189600	-62.649600
1438	38.140100	62.646800
1439	38.139500	-62.647000
1440	49.154700	62.599300
1441	49.154200	-62.599500
1442	60.166000	62.539600
1443	60.165700	-62.539900
1444	71.032400	62.554500
1445	71.032200	-62.554800
1446	81.795200	62.595800
1447	81.795000	-62.596200
1448	92.584800	62.631700
1449	92.584800	-62.632000
1450	103.521100	62.629300
1451	103.521300	-62.629700
1452	114.627700	62.604600
1453	114.628000	-62.604900
1454	125.697700	62.588200
1455	125.698100	-62.588500
1456	136.573000	62.584600
1457	136.573600	-62.584900
1458	147.280800	62.600800
1459	147.281400	-62.601000
1460	158.000600	62.617300
1461	158.001200	-62.617400
1462	168.907200	62.623100
1463	168.907900	-62.623200
1464	180.015700	62.623700
1465	180.016400	-62.623700
1466	191.122500	62.626500
1467	191.123200	-62.626400
1468	202.024400	62.624300
1469	202.025100	-62.624200
1470	212.742800	62.610300
1471	212.743400	-62.610100
1472	223.451900	62.597600
1473	223.452400	-62.597300
1474	234.328100	62.604600
1475	234.328500	-62.604300
1476	245.394600	62.626000
1477	245.394900	-62.625600
1478	256.487800	62.651900
1479	256.488000	-62.651600
1480	267.417900	62.653800
1481	267.417900	-62.653400
1482	278.205300	62.619300
1483	278.205200	-62.619000
1484	288.966200	62.580100
1485	288.965900	-62.579700
1486	299.825500	62.569700
1487	299.825200	-62.569400
1488	310.820200	62.620200
1489	310.819700	-62.619900
1490	321.829100	62.662300
1491	321.828600	-62.662100
1492	332.776700	62.662200
1493	332.776100	-62.662100
1494	343.672900	62.617300
1495	343.672200	-62.617200
1496	354.547100	62.554700
1497	354.546400	-62.554700
1498	6.368200	67.591000
1499	6.367400	-67.591000
1500	19.239200	67.685000
1501	19.238400	-67.685200
1502	32.142700	67.706200
1503	32.142000	-67.706400
1504	45.009300	67.628800
1505	45.008700	-67.629000
1506	57.813500	67.530200
1507	57.813100	-67.530500
1508	70.637300	67.637800
1509	70.637000	-67.638200
1510	83.558500	67.714700
1511	83.558400	-67.715100
1512	96.527000	67.691400
1513	96.527100	-67.691800
1514	109.387600	67.571200
1515	109.387800	-67.571600
1516	122.102600	67.583900
1517	122.103100	-67.584200
1518	134.896000	67.671800
1519	134.896600	-67.672100
1520	147.879600	67.746800
1521	147.880300	-67.747000
1522	160.874900	67.695000
1523	160.875700	-67.695100
1524	173.679400	67.595400
1525	173.680300	-67.595500
1526	186.369900	67.598100
1527	186.370800	-67.598000
1528	199.178600	67.706500
1529	199.179400	-67.706400
1530	212.169400	67.759700
1531	212.170100	-67.759500
1532	225.144500	67.689200
1533	225.145100	-67.689000
1534	237.934000	67.607200
1535	237.934400	-67.606900
1536	250.644900	67.611100
1537	250.645200	-67.610800
1538	263.489800	67.724700
1539	263.489900	-67.724300
1540	276.442900	67.747500
1541	276.442800	-67.747100
1542	289.352900	67.674200
1543	289.352600	-67.673900
1544	302.157900	67.583500
1545	302.157400	-67.583200
1546	314.941300	67.655500
1547	314.940700	-67.655200
1548	327.799200	67.725600
1549	327.798500	-67.725400
1550	340.696700	67.702300
1551	340.695900	-67.702200
1552	353.556500	67.608800
1553	353.555700	-67.608800
1554	8.057400	72.725700
1555	8.056400	-72.725700
1556	24.465600	72.847000
1557	24.464700	-72.847100
1558	40.921200	72.803500
1559	40.920400	-72.803700
1560	57.312400	72.641900
1561	57.311800	-72.642200
1562	73.611900	72.811700
1563	73.611600	-72.812100
1564	90.015300	72.827600
1565	90.015300	-72.827900
1566	106.561600	72.712900
1567	106.561900	-72.713300
1568	122.796300	72.791300
1569	122.796800	-72.791600
1570	139.062500	72.818900
1571	139.063300	-72.819200
1572	155.599800	72.834800
1573	155.600800	-72.834900
1574	171.950200	72.797600
1575	171.951200	-72.797700
1576	188.149900	72.798100
1577	188.150900	-72.798000
1578	204.513600	72.855700
1579	204.514500	-72.855500
1580	221.022300	72.846000
1581	221.023100	-72.845800
1582	237.282000	72.821100
1583	237.282500	-72.820800
1584	253.510600	72.780600
1585	253.510900	-72.780300
1586	269.998400	72.882000
1587	269.998400	-72.881700
1588	286.373600	72.863900
1589	286.373300	-72.863600
1590	302.636700	72.736000
1591	302.636100	-72.735700
1592	318.966500	72.839200
1593	318.965700	-72.839000
1594	335.406500	72.874100
1595	335.405600	-72.873900
1596	351.787800	72.765200
1597	351.786800	-72.765200
1598	11.018900	77.982000
1599	11.017500	-77.982000
1600	33.753000	78.096200
1601	33.751800	-78.096400
1602	56.205700	77.846400
1603	56.204900	-77.846700
1604	78.852500	78.134400
1605	78.852200	-78.134700
1606	101.421500	77.881900
1607	101.421700	-77.882200
1608	123.858100	78.164200
1609	123.858900	-78.164400
1610	146.460300	78.005100
1611	146.461500	-78.005300
1612	168.819800	78.128200
1613	168.821200	-78.128200
1614	191.407500	78.121300
1615	191.408900	-78.121200
1616	213.757600	78.062100
1617	213.758900	-78.061900
1618	236.304200	78.207600
1619	236.305000	-78.207300
1620	258.681700	78.009800
1621	258.682000	-78.009500
1622	281.143500	78.222900
1623	281.143200	-78.222600
1624	303.649800	78.014600
1625	303.649000	-78.014300
1626	326.015800	78.139800
1627	326.014600	-78.139700
1628	348.666500	78.062000
1629	348.665000	-78.061900
1630	20.066100	83.439200
1631	20.063600	-83.439300
1632	59.945700	83.342900
1633	59.944400	-83.343200
1634	99.905400	83.425100
1635	99.905800	-83.425400
1636	139.978800	83.551500
1637	139.980900	-83.551700
1638	180.016900	83.623200
1639	180.019600	-83.623200
1640	219.975800	83.648800
1641	219.977900	-83.648600
1642	259.957600	83.641100
1643	259.958000	-83.640800
1644	300.011800	83.616400
1645	300.010400	-83.616200
1646	340.083900	83.559600
1647	340.081400	-83.559500
1648	60.467800	89.673000
1649	60.441700	-89.673300
