ID	ra_center	dec_center
0	314.995000	-89.717100
1	357.150700	-85.788500
2	37.150700	-85.788500
3	77.150700	-85.788500
4	117.150700	-85.788500
5	157.150700	-85.788500
6	197.150700	-85.788500
7	237.150700	-85.788500
8	277.150700	-85.788500
9	317.150700	-85.788500
10	358.540800	-81.790900
11	22.540800	-81.790900
12	46.540800	-81.790900
13	70.540800	-81.790900
14	94.540800	-81.790900
15	118.540800	-81.790900
16	142.540800	-81.790900
17	166.540800	-81.790900
18	190.540800	-81.790900
19	214.540800	-81.790900
20	238.540800	-81.790900
21	262.540800	-81.790900
22	286.540800	-81.790900
23	310.540800	-81.790900
24	334.540800	-81.790900
25	359.019100	-77.792900
26	16.162000	-77.792900
27	33.304800	-77.792900
28	50.447700	-77.792900
29	67.590500	-77.792900
30	84.733400	-77.792900
31	101.876300	-77.792900
32	119.019100	-77.792900
33	136.162000	-77.792900
34	153.304800	-77.792900
35	170.447700	-77.792900
36	187.590500	-77.792900
37	204.733400	-77.792900
38	221.876300	-77.792900
39	239.019100	-77.792900
40	256.162000	-77.792900
41	273.304800	-77.792900
42	290.447700	-77.792900
43	307.590500	-77.792900
44	324.733400	-77.792900
45	341.876200	-77.792900
46	359.261800	-73.794300
47	12.595200	-73.794300
48	25.928500	-73.794300
49	39.261800	-73.794300
50	52.595200	-73.794300
51	65.928500	-73.794300
52	79.261800	-73.794300
53	92.595200	-73.794300
54	105.928500	-73.794300
55	119.261800	-73.794300
56	132.595200	-73.794300
57	145.928500	-73.794300
58	159.261800	-73.794300
59	172.595200	-73.794300
60	185.928500	-73.794300
61	199.261800	-73.794300
62	212.595200	-73.794300
63	225.928500	-73.794300
64	239.261800	-73.794300
65	252.595200	-73.794300
66	265.928500	-73.794300
67	279.261800	-73.794300
68	292.595200	-73.794300
69	305.928500	-73.794300
70	319.261800	-73.794300
71	332.595200	-73.794300
72	345.928500	-73.794300
73	359.408000	-69.795200
74	10.317000	-69.795200
75	21.226100	-69.795200
76	32.135200	-69.795200
77	43.044300	-69.795200
78	53.953400	-69.795200
79	64.862500	-69.795200
80	75.771600	-69.795200
81	86.680700	-69.795200
82	97.589800	-69.795200
83	108.498900	-69.795200
84	119.408000	-69.795200
85	130.317000	-69.795200
86	141.226100	-69.795200
87	152.135200	-69.795200
88	163.044300	-69.795200
89	173.953400	-69.795200
90	184.862500	-69.795200
91	195.771600	-69.795200
92	206.680700	-69.795200
93	217.589800	-69.795200
94	228.498900	-69.795200
95	239.408000	-69.795200
96	250.317000	-69.795200
97	261.226100	-69.795200
98	272.135200	-69.795200
99	283.044300	-69.795200
100	293.953400	-69.795200
101	304.862500	-69.795200
102	315.771600	-69.795200
103	326.680700	-69.795200
104	337.589800	-69.795200
105	348.498900	-69.795200
106	359.506300	-65.795900
107	8.737100	-65.795900
108	17.967900	-65.795900
109	27.198600	-65.795900
110	36.429400	-65.795900
111	45.660200	-65.795900
112	54.890900	-65.795900
113	64.121700	-65.795900
114	73.352500	-65.795900
115	82.583300	-65.795900
116	91.814000	-65.795900
117	101.044800	-65.795900
118	110.275600	-65.795900
119	119.506300	-65.795900
120	128.737100	-65.795900
121	137.967900	-65.795900
122	147.198600	-65.795900
123	156.429400	-65.795900
124	165.660200	-65.795900
125	174.890900	-65.795900
126	184.121700	-65.795900
127	193.352500	-65.795900
128	202.583300	-65.795900
129	211.814000	-65.795900
130	221.044800	-65.795900
131	230.275600	-65.795900
132	239.506300	-65.795900
133	248.737100	-65.795900
134	257.967900	-65.795900
135	267.198600	-65.795900
136	276.429400	-65.795900
137	285.660200	-65.795900
138	294.890900	-65.795900
139	304.121700	-65.795900
140	313.352500	-65.795900
141	322.583300	-65.795900
142	331.814000	-65.795900
143	341.044800	-65.795900
144	350.275600	-65.795900
145	359.576700	-61.796600
146	7.576700	-61.796600
147	15.576700	-61.796600
148	23.576700	-61.796600
149	31.576700	-61.796600
150	39.576700	-61.796600
151	47.576700	-61.796600
152	55.576700	-61.796600
153	63.576700	-61.796600
154	71.576700	-61.796600
155	79.576700	-61.796600
156	87.576700	-61.796600
157	95.576700	-61.796600
158	103.576700	-61.796600
159	111.576700	-61.796600
160	119.576700	-61.796600
161	127.576700	-61.796600
162	135.576700	-61.796600
163	143.576700	-61.796600
164	151.576700	-61.796600
165	159.576700	-61.796600
166	167.576700	-61.796600
167	175.576700	-61.796600
168	183.576700	-61.796600
169	191.576700	-61.796600
170	199.576700	-61.796600
171	207.576700	-61.796600
172	215.576700	-61.796600
173	223.576700	-61.796600
174	231.576700	-61.796600
175	239.576700	-61.796600
176	247.576700	-61.796600
177	255.576700	-61.796600
178	263.576700	-61.796600
179	271.576700	-61.796600
180	279.576700	-61.796600
181	287.576700	-61.796600
182	295.576700	-61.796600
183	303.576700	-61.796600
184	311.576700	-61.796600
185	319.576700	-61.796600
186	327.576700	-61.796600
187	335.576700	-61.796600
188	343.576700	-61.796600
189	351.576700	-61.796600
190	359.622000	-57.796800
191	6.822000	-57.796800
192	14.022000	-57.796800
193	21.222000	-57.796800
194	28.422000	-57.796800
195	35.622000	-57.796800
196	42.822000	-57.796800
197	50.022000	-57.796800
198	57.222000	-57.796800
199	64.422000	-57.796800
200	71.622000	-57.796800
201	78.822000	-57.796800
202	86.022000	-57.796800
203	93.222000	-57.796800
204	100.422000	-57.796800
205	107.622000	-57.796800
206	114.822000	-57.796800
207	122.022000	-57.796800
208	129.222000	-57.796800
209	136.422000	-57.796800
210	143.622000	-57.796800
211	150.822000	-57.796800
212	158.022000	-57.796800
213	165.222000	-57.796800
214	172.422000	-57.796800
215	179.622000	-57.796800
216	186.822000	-57.796800
217	194.022000	-57.796800
218	201.222000	-57.796800
219	208.422000	-57.796800
220	215.622000	-57.796800
221	222.822000	-57.796800
222	230.022000	-57.796800
223	237.222000	-57.796800
224	244.422000	-57.796800
225	251.622000	-57.796800
226	258.822000	-57.796800
227	266.022000	-57.796800
228	273.222000	-57.796800
229	280.422000	-57.796800
230	287.622000	-57.796800
231	294.822000	-57.796800
232	302.022000	-57.796800
233	309.222000	-57.796800
234	316.422000	-57.796800
235	323.622000	-57.796800
236	330.822000	-57.796800
237	338.022000	-57.796800
238	345.222000	-57.796800
239	352.422000	-57.796800
240	359.658700	-53.797500
241	6.204100	-53.797500
242	12.749600	-53.797500
243	19.295000	-53.797500
244	25.840500	-53.797500
245	32.386000	-53.797500
246	38.931400	-53.797500
247	45.476900	-53.797500
248	52.022300	-53.797500
249	58.567800	-53.797500
250	65.113200	-53.797500
251	71.658700	-53.797500
252	78.204100	-53.797500
253	84.749600	-53.797500
254	91.295000	-53.797500
255	97.840500	-53.797500
256	104.386000	-53.797500
257	110.931400	-53.797500
258	117.476900	-53.797500
259	124.022300	-53.797500
260	130.567800	-53.797500
261	137.113200	-53.797500
262	143.658700	-53.797500
263	150.204100	-53.797500
264	156.749600	-53.797500
265	163.295100	-53.797500
266	169.840500	-53.797500
267	176.385900	-53.797500
268	182.931400	-53.797500
269	189.476900	-53.797500
270	196.022300	-53.797500
271	202.567800	-53.797500
272	209.113200	-53.797500
273	215.658700	-53.797500
274	222.204100	-53.797500
275	228.749600	-53.797500
276	235.295100	-53.797500
277	241.840500	-53.797500
278	248.385900	-53.797500
279	254.931400	-53.797500
280	261.476900	-53.797500
281	268.022300	-53.797500
282	274.567800	-53.797500
283	281.113200	-53.797500
284	287.658700	-53.797500
285	294.204100	-53.797500
286	300.749600	-53.797500
287	307.295000	-53.797500
288	313.840500	-53.797500
289	320.385900	-53.797500
290	326.931400	-53.797500
291	333.476900	-53.797500
292	340.022300	-53.797500
293	346.567800	-53.797500
294	353.113200	-53.797500
295	359.689100	-49.797600
296	5.689100	-49.797600
297	11.689100	-49.797600
298	17.689100	-49.797600
299	23.689100	-49.797600
300	29.689100	-49.797600
301	35.689100	-49.797600
302	41.689100	-49.797600
303	47.689100	-49.797600
304	53.689100	-49.797600
305	59.689100	-49.797600
306	65.689100	-49.797600
307	71.689100	-49.797600
308	77.689100	-49.797600
309	83.689100	-49.797600
310	89.689100	-49.797600
311	95.689100	-49.797600
312	101.689100	-49.797600
313	107.689100	-49.797600
314	113.689100	-49.797600
315	119.689100	-49.797600
316	125.689100	-49.797600
317	131.689100	-49.797600
318	137.689100	-49.797600
319	143.689100	-49.797600
320	149.689100	-49.797600
321	155.689100	-49.797600
322	161.689100	-49.797600
323	167.689100	-49.797600
324	173.689100	-49.797600
325	179.689100	-49.797600
326	185.689100	-49.797600
327	191.689100	-49.797600
328	197.689100	-49.797600
329	203.689100	-49.797600
330	209.689100	-49.797600
331	215.689100	-49.797600
332	221.689100	-49.797600
333	227.689100	-49.797600
334	233.689100	-49.797600
335	239.689100	-49.797600
336	245.689100	-49.797600
337	251.689100	-49.797600
338	257.689100	-49.797600
339	263.689100	-49.797600
340	269.689100	-49.797600
341	275.689100	-49.797600
342	281.689100	-49.797600
343	287.689100	-49.797600
344	293.689100	-49.797600
345	299.689100	-49.797600
346	305.689100	-49.797600
347	311.689100	-49.797600
348	317.689100	-49.797600
349	323.689100	-49.797600
350	329.689100	-49.797600
351	335.689100	-49.797600
352	341.689100	-49.797600
353	347.689100	-49.797600
354	353.689100	-49.797600
355	359.709600	-45.798000
356	5.334600	-45.798000
357	10.959600	-45.798000
358	16.584600	-45.798000
359	22.209600	-45.798000
360	27.834600	-45.798000
361	33.459600	-45.798000
362	39.084600	-45.798000
363	44.709600	-45.798000
364	50.334600	-45.798000
365	55.959600	-45.798000
366	61.584600	-45.798000
367	67.209600	-45.798000
368	72.834600	-45.798000
369	78.459600	-45.798000
370	84.084600	-45.798000
371	89.709600	-45.798000
372	95.334600	-45.798000
373	100.959600	-45.798000
374	106.584600	-45.798000
375	112.209600	-45.798000
376	117.834600	-45.798000
377	123.459600	-45.798000
378	129.084600	-45.798000
379	134.709600	-45.798000
380	140.334600	-45.798000
381	145.959600	-45.798000
382	151.584600	-45.798000
383	157.209600	-45.798000
384	162.834600	-45.798000
385	168.459600	-45.798000
386	174.084600	-45.798000
387	179.709600	-45.798000
388	185.334600	-45.798000
389	190.959600	-45.798000
390	196.584600	-45.798000
391	202.209600	-45.798000
392	207.834600	-45.798000
393	213.459600	-45.798000
394	219.084600	-45.798000
395	224.709600	-45.798000
396	230.334600	-45.798000
397	235.959600	-45.798000
398	241.584600	-45.798000
399	247.209600	-45.798000
400	252.834600	-45.798000
401	258.459600	-45.798000
402	264.084600	-45.798000
403	269.709600	-45.798000
404	275.334600	-45.798000
405	280.959600	-45.798000
406	286.584600	-45.798000
407	292.209600	-45.798000
408	297.834600	-45.798000
409	303.459600	-45.798000
410	309.084600	-45.798000
411	314.709600	-45.798000
412	320.334600	-45.798000
413	325.959600	-45.798000
414	331.584600	-45.798000
415	337.209600	-45.798000
416	342.834600	-45.798000
417	348.459600	-45.798000
418	354.084600	-45.798000
419	359.727900	-41.798100
420	5.022000	-41.798100
421	10.316100	-41.798100
422	15.610300	-41.798100
423	20.904400	-41.798100
424	26.198500	-41.798100
425	31.492600	-41.798100
426	36.786700	-41.798100
427	42.080800	-41.798100
428	47.375000	-41.798100
429	52.669100	-41.798100
430	57.963200	-41.798100
431	63.257300	-41.798100
432	68.551400	-41.798100
433	73.845600	-41.798100
434	79.139700	-41.798100
435	84.433800	-41.798100
436	89.727900	-41.798100
437	95.022000	-41.798100
438	100.316100	-41.798100
439	105.610300	-41.798100
440	110.904400	-41.798100
441	116.198500	-41.798100
442	121.492600	-41.798100
443	126.786700	-41.798100
444	132.080800	-41.798100
445	137.375000	-41.798100
446	142.669100	-41.798100
447	147.963200	-41.798100
448	153.257300	-41.798100
449	158.551400	-41.798100
450	163.845600	-41.798100
451	169.139700	-41.798100
452	174.433800	-41.798100
453	179.727900	-41.798100
454	185.022000	-41.798100
455	190.316100	-41.798100
456	195.610200	-41.798100
457	200.904400	-41.798100
458	206.198500	-41.798100
459	211.492600	-41.798100
460	216.786700	-41.798100
461	222.080800	-41.798100
462	227.375000	-41.798100
463	232.669100	-41.798100
464	237.963200	-41.798100
465	243.257300	-41.798100
466	248.551400	-41.798100
467	253.845600	-41.798100
468	259.139600	-41.798100
469	264.433800	-41.798100
470	269.727900	-41.798100
471	275.022000	-41.798100
472	280.316100	-41.798100
473	285.610300	-41.798100
474	290.904400	-41.798100
475	296.198500	-41.798100
476	301.492600	-41.798100
477	306.786700	-41.798100
478	312.080800	-41.798100
479	317.374900	-41.798100
480	322.669100	-41.798100
481	327.963200	-41.798100
482	333.257300	-41.798100
483	338.551400	-41.798100
484	343.845600	-41.798100
485	349.139600	-41.798100
486	354.433800	-41.798100
487	359.743900	-37.798200
488	4.743900	-37.798200
489	9.743900	-37.798200
490	14.743900	-37.798200
491	19.743900	-37.798200
492	24.743900	-37.798200
493	29.743900	-37.798200
494	34.743900	-37.798200
495	39.743900	-37.798200
496	44.743900	-37.798200
497	49.743900	-37.798200
498	54.743900	-37.798200
499	59.743900	-37.798200
500	64.743900	-37.798200
501	69.743900	-37.798200
502	74.743900	-37.798200
503	79.743900	-37.798200
504	84.743900	-37.798200
505	89.743900	-37.798200
506	94.743900	-37.798200
507	99.743900	-37.798200
508	104.743900	-37.798200
509	109.743900	-37.798200
510	114.743900	-37.798200
511	119.743900	-37.798200
512	124.743900	-37.798200
513	129.743900	-37.798200
514	134.743900	-37.798200
515	139.743900	-37.798200
516	144.743900	-37.798200
517	149.743900	-37.798200
518	154.743900	-37.798200
519	159.743900	-37.798200
520	164.743900	-37.798200
521	169.743900	-37.798200
522	174.743900	-37.798200
523	179.743900	-37.798200
524	184.743900	-37.798200
525	189.743900	-37.798200
526	194.743900	-37.798200
527	199.743900	-37.798200
528	204.743900	-37.798200
529	209.743900	-37.798200
530	214.743900	-37.798200
531	219.743900	-37.798200
532	224.743900	-37.798200
533	229.743900	-37.798200
534	234.743900	-37.798200
535	239.743900	-37.798200
536	244.743900	-37.798200
537	249.743900	-37.798200
538	254.743900	-37.798200
539	259.743900	-37.798200
540	264.743900	-37.798200
541	269.743900	-37.798200
542	274.743900	-37.798200
543	279.743900	-37.798200
544	284.743900	-37.798200
545	289.743900	-37.798200
546	294.743900	-37.798200
547	299.743900	-37.798200
548	304.743900	-37.798200
549	309.743900	-37.798200
550	314.743900	-37.798200
551	319.743900	-37.798200
552	324.743900	-37.798200
553	329.743900	-37.798200
554	334.743900	-37.798200
555	339.743900	-37.798200
556	344.743900	-37.798200
557	349.743900	-37.798200
558	354.743900	-37.798200
559	359.758000	-33.798400
560	4.494900	-33.798400
561	9.231700	-33.798400
562	13.968600	-33.798400
563	18.705400	-33.798400
564	23.442200	-33.798400
565	28.179100	-33.798400
566	32.915900	-33.798400
567	37.652800	-33.798400
568	42.389600	-33.798400
569	47.126500	-33.798400
570	51.863300	-33.798400
571	56.600100	-33.798400
572	61.337000	-33.798400
573	66.073800	-33.798400
574	70.810700	-33.798400
575	75.547500	-33.798400
576	80.284300	-33.798400
577	85.021200	-33.798400
578	89.758000	-33.798400
579	94.494900	-33.798400
580	99.231700	-33.798400
581	103.968600	-33.798400
582	108.705400	-33.798400
583	113.442200	-33.798400
584	118.179100	-33.798400
585	122.915900	-33.798400
586	127.652800	-33.798400
587	132.389600	-33.798400
588	137.126500	-33.798400
589	141.863300	-33.798400
590	146.600100	-33.798400
591	151.337000	-33.798400
592	156.073800	-33.798400
593	160.810700	-33.798400
594	165.547500	-33.798400
595	170.284400	-33.798400
596	175.021200	-33.798400
597	179.758000	-33.798400
598	184.494900	-33.798400
599	189.231700	-33.798400
600	193.968600	-33.798400
601	198.705400	-33.798400
602	203.442300	-33.798400
603	208.179100	-33.798400
604	212.915900	-33.798400
605	217.652800	-33.798400
606	222.389600	-33.798400
607	227.126500	-33.798400
608	231.863300	-33.798400
609	236.600100	-33.798400
610	241.337000	-33.798400
611	246.073800	-33.798400
612	250.810700	-33.798400
613	255.547500	-33.798400
614	260.284300	-33.798400
615	265.021200	-33.798400
616	269.758000	-33.798400
617	274.494900	-33.798400
618	279.231700	-33.798400
619	283.968600	-33.798400
620	288.705400	-33.798400
621	293.442200	-33.798400
622	298.179100	-33.798400
623	302.915900	-33.798400
624	307.652800	-33.798400
625	312.389600	-33.798400
626	317.126500	-33.798400
627	321.863300	-33.798400
628	326.600100	-33.798400
629	331.337000	-33.798400
630	336.073800	-33.798400
631	340.810700	-33.798400
632	345.547500	-33.798400
633	350.284300	-33.798400
634	355.021200	-33.798400
635	359.768100	-29.798900
636	4.325000	-29.798900
637	8.882000	-29.798900
638	13.439000	-29.798900
639	17.995900	-29.798900
640	22.552900	-29.798900
641	27.109900	-29.798900
642	31.666800	-29.798900
643	36.223800	-29.798900
644	40.780700	-29.798900
645	45.337700	-29.798900
646	49.894700	-29.798900
647	54.451600	-29.798900
648	59.008600	-29.798900
649	63.565600	-29.798900
650	68.122500	-29.798900
651	72.679500	-29.798900
652	77.236400	-29.798900
653	81.793400	-29.798900
654	86.350400	-29.798900
655	90.907300	-29.798900
656	95.464300	-29.798900
657	100.021300	-29.798900
658	104.578200	-29.798900
659	109.135200	-29.798900
660	113.692100	-29.798900
661	118.249100	-29.798900
662	122.806100	-29.798900
663	127.363000	-29.798900
664	131.920000	-29.798900
665	136.476900	-29.798900
666	141.033900	-29.798900
667	145.590900	-29.798900
668	150.147800	-29.798900
669	154.704800	-29.798900
670	159.261800	-29.798900
671	163.818700	-29.798900
672	168.375700	-29.798900
673	172.932600	-29.798900
674	177.489600	-29.798900
675	182.046600	-29.798900
676	186.603500	-29.798900
677	191.160500	-29.798900
678	195.717500	-29.798900
679	200.274400	-29.798900
680	204.831400	-29.798900
681	209.388300	-29.798900
682	213.945300	-29.798900
683	218.502300	-29.798900
684	223.059200	-29.798900
685	227.616200	-29.798900
686	232.173100	-29.798900
687	236.730100	-29.798900
688	241.287100	-29.798900
689	245.844000	-29.798900
690	250.401000	-29.798900
691	254.958000	-29.798900
692	259.514900	-29.798900
693	264.071900	-29.798900
694	268.628800	-29.798900
695	273.185800	-29.798900
696	277.742800	-29.798900
697	282.299700	-29.798900
698	286.856700	-29.798900
699	291.413700	-29.798900
700	295.970600	-29.798900
701	300.527600	-29.798900
702	305.084600	-29.798900
703	309.641500	-29.798900
704	314.198500	-29.798900
705	318.755400	-29.798900
706	323.312400	-29.798900
707	327.869300	-29.798900
708	332.426300	-29.798900
709	336.983300	-29.798900
710	341.540200	-29.798900
711	346.097200	-29.798900
712	350.654200	-29.798900
713	355.211100	-29.798900
714	359.777400	-25.799000
715	4.167600	-25.799000
716	8.557800	-25.799000
717	12.948100	-25.799000
718	17.338300	-25.799000
719	21.728600	-25.799000
720	26.118800	-25.799000
721	30.509100	-25.799000
722	34.899300	-25.799000
723	39.289600	-25.799000
724	43.679800	-25.799000
725	48.070000	-25.799000
726	52.460300	-25.799000
727	56.850500	-25.799000
728	61.240800	-25.799000
729	65.631000	-25.799000
730	70.021300	-25.799000
731	74.411500	-25.799000
732	78.801800	-25.799000
733	83.192000	-25.799000
734	87.582200	-25.799000
735	91.972500	-25.799000
736	96.362700	-25.799000
737	100.753000	-25.799000
738	105.143200	-25.799000
739	109.533500	-25.799000
740	113.923700	-25.799000
741	118.313900	-25.799000
742	122.704200	-25.799000
743	127.094400	-25.799000
744	131.484700	-25.799000
745	135.874900	-25.799000
746	140.265200	-25.799000
747	144.655400	-25.799000
748	149.045700	-25.799000
749	153.435900	-25.799000
750	157.826100	-25.799000
751	162.216400	-25.799000
752	166.606600	-25.799000
753	170.996900	-25.799000
754	175.387100	-25.799000
755	179.777400	-25.799000
756	184.167600	-25.799000
757	188.557800	-25.799000
758	192.948100	-25.799000
759	197.338300	-25.799000
760	201.728600	-25.799000
761	206.118800	-25.799000
762	210.509100	-25.799000
763	214.899300	-25.799000
764	219.289600	-25.799000
765	223.679800	-25.799000
766	228.070100	-25.799000
767	232.460300	-25.799000
768	236.850500	-25.799000
769	241.240800	-25.799000
770	245.631000	-25.799000
771	250.021300	-25.799000
772	254.411500	-25.799000
773	258.801700	-25.799000
774	263.192000	-25.799000
775	267.582200	-25.799000
776	271.972500	-25.799000
777	276.362700	-25.799000
778	280.753000	-25.799000
779	285.143200	-25.799000
780	289.533500	-25.799000
781	293.923700	-25.799000
782	298.313900	-25.799000
783	302.704200	-25.799000
784	307.094400	-25.799000
785	311.484700	-25.799000
786	315.874900	-25.799000
787	320.265200	-25.799000
788	324.655400	-25.799000
789	329.045700	-25.799000
790	333.435900	-25.799000
791	337.826200	-25.799000
792	342.216400	-25.799000
793	346.606600	-25.799000
794	350.996900	-25.799000
795	355.387100	-25.799000
796	359.783200	-21.799200
797	4.068900	-21.799200
798	8.354600	-21.799200
799	12.640300	-21.799200
800	16.926000	-21.799200
801	21.211700	-21.799200
802	25.497500	-21.799200
803	29.783200	-21.799200
804	34.068900	-21.799200
805	38.354600	-21.799200
806	42.640300	-21.799200
807	46.926000	-21.799200
808	51.211700	-21.799200
809	55.497500	-21.799200
810	59.783200	-21.799200
811	64.068900	-21.799200
812	68.354600	-21.799200
813	72.640300	-21.799200
814	76.926000	-21.799200
815	81.211700	-21.799200
816	85.497500	-21.799200
817	89.783200	-21.799200
818	94.068900	-21.799200
819	98.354600	-21.799200
820	102.640300	-21.799200
821	106.926000	-21.799200
822	111.211700	-21.799200
823	115.497500	-21.799200
824	119.783200	-21.799200
825	124.068900	-21.799200
826	128.354600	-21.799200
827	132.640300	-21.799200
828	136.926000	-21.799200
829	141.211800	-21.799200
830	145.497500	-21.799200
831	149.783200	-21.799200
832	154.068900	-21.799200
833	158.354600	-21.799200
834	162.640300	-21.799200
835	166.926000	-21.799200
836	171.211700	-21.799200
837	175.497500	-21.799200
838	179.783200	-21.799200
839	184.068900	-21.799200
840	188.354600	-21.799200
841	192.640300	-21.799200
842	196.926000	-21.799200
843	201.211700	-21.799200
844	205.497500	-21.799200
845	209.783200	-21.799200
846	214.068900	-21.799200
847	218.354600	-21.799200
848	222.640300	-21.799200
849	226.926000	-21.799200
850	231.211700	-21.799200
851	235.497500	-21.799200
852	239.783200	-21.799200
853	244.068900	-21.799200
854	248.354600	-21.799200
855	252.640300	-21.799200
856	256.926000	-21.799200
857	261.211700	-21.799200
858	265.497400	-21.799200
859	269.783200	-21.799200
860	274.068900	-21.799200
861	278.354600	-21.799200
862	282.640300	-21.799200
863	286.926000	-21.799200
864	291.211700	-21.799200
865	295.497400	-21.799200
866	299.783200	-21.799200
867	304.068900	-21.799200
868	308.354600	-21.799200
869	312.640300	-21.799200
870	316.926000	-21.799200
871	321.211700	-21.799200
872	325.497400	-21.799200
873	329.783200	-21.799200
874	334.068900	-21.799200
875	338.354600	-21.799200
876	342.640300	-21.799200
877	346.926000	-21.799200
878	351.211700	-21.799200
879	355.497400	-21.799200
880	359.788800	-17.799100
881	3.974800	-17.799100
882	8.160900	-17.799100
883	12.346900	-17.799100
884	16.533000	-17.799100
885	20.719000	-17.799100
886	24.905100	-17.799100
887	29.091100	-17.799100
888	33.277200	-17.799100
889	37.463200	-17.799100
890	41.649200	-17.799100
891	45.835300	-17.799100
892	50.021300	-17.799100
893	54.207400	-17.799100
894	58.393400	-17.799100
895	62.579500	-17.799100
896	66.765500	-17.799100
897	70.951600	-17.799100
898	75.137600	-17.799100
899	79.323700	-17.799100
900	83.509700	-17.799100
901	87.695800	-17.799100
902	91.881800	-17.799100
903	96.067800	-17.799100
904	100.253900	-17.799100
905	104.439900	-17.799100
906	108.626000	-17.799100
907	112.812000	-17.799100
908	116.998100	-17.799100
909	121.184100	-17.799100
910	125.370200	-17.799100
911	129.556200	-17.799100
912	133.742300	-17.799100
913	137.928300	-17.799100
914	142.114400	-17.799100
915	146.300400	-17.799100
916	150.486500	-17.799100
917	154.672500	-17.799100
918	158.858500	-17.799100
919	163.044600	-17.799100
920	167.230600	-17.799100
921	171.416700	-17.799100
922	175.602700	-17.799100
923	179.788800	-17.799100
924	183.974800	-17.799100
925	188.160900	-17.799100
926	192.346900	-17.799100
927	196.533000	-17.799100
928	200.719000	-17.799100
929	204.905100	-17.799100
930	209.091100	-17.799100
931	213.277200	-17.799100
932	217.463200	-17.799100
933	221.649300	-17.799100
934	225.835300	-17.799100
935	230.021300	-17.799100
936	234.207400	-17.799100
937	238.393400	-17.799100
938	242.579500	-17.799100
939	246.765500	-17.799100
940	250.951600	-17.799100
941	255.137600	-17.799100
942	259.323700	-17.799100
943	263.509700	-17.799100
944	267.695800	-17.799100
945	271.881800	-17.799100
946	276.067900	-17.799100
947	280.253900	-17.799100
948	284.440000	-17.799100
949	288.626000	-17.799100
950	292.812000	-17.799100
951	296.998100	-17.799100
952	301.184100	-17.799100
953	305.370200	-17.799100
954	309.556200	-17.799100
955	313.742300	-17.799100
956	317.928300	-17.799100
957	322.114400	-17.799100
958	326.300400	-17.799100
959	330.486500	-17.799100
960	334.672500	-17.799100
961	338.858500	-17.799100
962	343.044600	-17.799100
963	347.230600	-17.799100
964	351.416700	-17.799100
965	355.602700	-17.799100
966	359.794000	-13.799400
967	3.884900	-13.799400
968	7.975800	-13.799400
969	12.066700	-13.799400
970	16.157600	-13.799400
971	20.248500	-13.799400
972	24.339400	-13.799400
973	28.430400	-13.799400
974	32.521300	-13.799400
975	36.612200	-13.799400
976	40.703100	-13.799400
977	44.794000	-13.799400
978	48.884900	-13.799400
979	52.975800	-13.799400
980	57.066700	-13.799400
981	61.157600	-13.799400
982	65.248500	-13.799400
983	69.339400	-13.799400
984	73.430300	-13.799400
985	77.521300	-13.799400
986	81.612200	-13.799400
987	85.703100	-13.799400
988	89.794000	-13.799400
989	93.884900	-13.799400
990	97.975800	-13.799400
991	102.066700	-13.799400
992	106.157600	-13.799400
993	110.248500	-13.799400
994	114.339400	-13.799400
995	118.430300	-13.799400
996	122.521300	-13.799400
997	126.612200	-13.799400
998	130.703100	-13.799400
999	134.794000	-13.799400
1000	138.884900	-13.799400
1001	142.975800	-13.799400
1002	147.066700	-13.799400
1003	151.157600	-13.799400
1004	155.248500	-13.799400
1005	159.339400	-13.799400
1006	163.430300	-13.799400
1007	167.521300	-13.799400
1008	171.612200	-13.799400
1009	175.703100	-13.799400
1010	179.794000	-13.799400
1011	183.884900	-13.799400
1012	187.975800	-13.799400
1013	192.066700	-13.799400
1014	196.157600	-13.799400
1015	200.248500	-13.799400
1016	204.339400	-13.799400
1017	208.430300	-13.799400
1018	212.521300	-13.799400
1019	216.612200	-13.799400
1020	220.703100	-13.799400
1021	224.794000	-13.799400
1022	228.884900	-13.799400
1023	232.975800	-13.799400
1024	237.066700	-13.799400
1025	241.157600	-13.799400
1026	245.248500	-13.799400
1027	249.339400	-13.799400
1028	253.430300	-13.799400
1029	257.521300	-13.799400
1030	261.612200	-13.799400
1031	265.703100	-13.799400
1032	269.794000	-13.799400
1033	273.884900	-13.799400
1034	277.975800	-13.799400
1035	282.066700	-13.799400
1036	286.157600	-13.799400
1037	290.248500	-13.799400
1038	294.339400	-13.799400
1039	298.430300	-13.799400
1040	302.521300	-13.799400
1041	306.612200	-13.799400
1042	310.703100	-13.799400
1043	314.794000	-13.799400
1044	318.884900	-13.799400
1045	322.975800	-13.799400
1046	327.066700	-13.799400
1047	331.157600	-13.799400
1048	335.248500	-13.799400
1049	339.339400	-13.799400
1050	343.430300	-13.799400
1051	347.521300	-13.799400
1052	351.612200	-13.799400
1053	355.703100	-13.799400
1054	359.796700	-9.799700
1055	3.841700	-9.799700
1056	7.886600	-9.799700
1057	11.931600	-9.799700
1058	15.976500	-9.799700
1059	20.021400	-9.799700
1060	24.066400	-9.799700
1061	28.111300	-9.799700
1062	32.156300	-9.799700
1063	36.201200	-9.799700
1064	40.246200	-9.799700
1065	44.291100	-9.799700
1066	48.336000	-9.799700
1067	52.381000	-9.799700
1068	56.425900	-9.799700
1069	60.470900	-9.799700
1070	64.515800	-9.799700
1071	68.560800	-9.799700
1072	72.605700	-9.799700
1073	76.650700	-9.799700
1074	80.695600	-9.799700
1075	84.740500	-9.799700
1076	88.785500	-9.799700
1077	92.830400	-9.799700
1078	96.875400	-9.799700
1079	100.920300	-9.799700
1080	104.965300	-9.799700
1081	109.010200	-9.799700
1082	113.055100	-9.799700
1083	117.100100	-9.799700
1084	121.145000	-9.799700
1085	125.190000	-9.799700
1086	129.234900	-9.799700
1087	133.279900	-9.799700
1088	137.324800	-9.799700
1089	141.369800	-9.799700
1090	145.414700	-9.799700
1091	149.459600	-9.799700
1092	153.504600	-9.799700
1093	157.549500	-9.799700
1094	161.594500	-9.799700
1095	165.639400	-9.799700
1096	169.684400	-9.799700
1097	173.729300	-9.799700
1098	177.774200	-9.799700
1099	181.819200	-9.799700
1100	185.864100	-9.799700
1101	189.909100	-9.799700
1102	193.954000	-9.799700
1103	197.999000	-9.799700
1104	202.043900	-9.799700
1105	206.088900	-9.799700
1106	210.133800	-9.799700
1107	214.178700	-9.799700
1108	218.223700	-9.799700
1109	222.268600	-9.799700
1110	226.313600	-9.799700
1111	230.358500	-9.799700
1112	234.403500	-9.799700
1113	238.448400	-9.799700
1114	242.493300	-9.799700
1115	246.538300	-9.799700
1116	250.583200	-9.799700
1117	254.628200	-9.799700
1118	258.673100	-9.799700
1119	262.718100	-9.799700
1120	266.763000	-9.799700
1121	270.808000	-9.799700
1122	274.852900	-9.799700
1123	278.897900	-9.799700
1124	282.942800	-9.799700
1125	286.987700	-9.799700
1126	291.032700	-9.799700
1127	295.077600	-9.799700
1128	299.122600	-9.799700
1129	303.167500	-9.799700
1130	307.212500	-9.799700
1131	311.257400	-9.799700
1132	315.302300	-9.799700
1133	319.347300	-9.799700
1134	323.392200	-9.799700
1135	327.437200	-9.799700
1136	331.482100	-9.799700
1137	335.527100	-9.799700
1138	339.572000	-9.799700
1139	343.616900	-9.799700
1140	347.661900	-9.799700
1141	351.706800	-9.799700
1142	355.751800	-9.799700
1143	359.797000	-5.799700
1144	3.841900	-5.799700
1145	7.886900	-5.799700
1146	11.931800	-5.799700
1147	15.976800	-5.799700
1148	20.021700	-5.799700
1149	24.066600	-5.799700
1150	28.111600	-5.799700
1151	32.156500	-5.799700
1152	36.201500	-5.799700
1153	40.246400	-5.799700
1154	44.291400	-5.799700
1155	48.336300	-5.799700
1156	52.381300	-5.799700
1157	56.426200	-5.799700
1158	60.471100	-5.799700
1159	64.516100	-5.799700
1160	68.561000	-5.799700
1161	72.606000	-5.799700
1162	76.650900	-5.799700
1163	80.695900	-5.799700
1164	84.740800	-5.799700
1165	88.785700	-5.799700
1166	92.830700	-5.799700
1167	96.875600	-5.799700
1168	100.920600	-5.799700
1169	104.965500	-5.799700
1170	109.010500	-5.799700
1171	113.055400	-5.799700
1172	117.100400	-5.799700
1173	121.145300	-5.799700
1174	125.190200	-5.799700
1175	129.235200	-5.799700
1176	133.280100	-5.799700
1177	137.325100	-5.799700
1178	141.370000	-5.799700
1179	145.415000	-5.799700
1180	149.459900	-5.799700
1181	153.504900	-5.799700
1182	157.549800	-5.799700
1183	161.594700	-5.799700
1184	165.639700	-5.799700
1185	169.684600	-5.799700
1186	173.729600	-5.799700
1187	177.774500	-5.799700
1188	181.819500	-5.799700
1189	185.864400	-5.799700
1190	189.909300	-5.799700
1191	193.954300	-5.799700
1192	197.999200	-5.799700
1193	202.044200	-5.799700
1194	206.089100	-5.799700
1195	210.134100	-5.799700
1196	214.179000	-5.799700
1197	218.224000	-5.799700
1198	222.268900	-5.799700
1199	226.313800	-5.799700
1200	230.358800	-5.799700
1201	234.403700	-5.799700
1202	238.448700	-5.799700
1203	242.493600	-5.799700
1204	246.538600	-5.799700
1205	250.583500	-5.799700
1206	254.628500	-5.799700
1207	258.673400	-5.799700
1208	262.718300	-5.799700
1209	266.763300	-5.799700
1210	270.808200	-5.799700
1211	274.853200	-5.799700
1212	278.898100	-5.799700
1213	282.943000	-5.799700
1214	286.988000	-5.799700
1215	291.032900	-5.799700
1216	295.077900	-5.799700
1217	299.122800	-5.799700
1218	303.167800	-5.799700
1219	307.212700	-5.799700
1220	311.257600	-5.799700
1221	315.302600	-5.799700
1222	319.347600	-5.799700
1223	323.392500	-5.799700
1224	327.437400	-5.799700
1225	331.482400	-5.799700
1226	335.527300	-5.799700
1227	339.572300	-5.799700
1228	343.617200	-5.799700
1229	347.662200	-5.799700
1230	351.707100	-5.799700
1231	355.752000	-5.799700
1232	359.799900	-1.800000
1233	3.799900	-1.800000
1234	7.799900	-1.800000
1235	11.799900	-1.800000
1236	15.799900	-1.800000
1237	19.799900	-1.800000
1238	23.799900	-1.800000
1239	27.799900	-1.800000
1240	31.799900	-1.800000
1241	35.799900	-1.800000
1242	39.799900	-1.800000
1243	43.799900	-1.800000
1244	47.799900	-1.800000
1245	51.799900	-1.800000
1246	55.799900	-1.800000
1247	59.799900	-1.800000
1248	63.799900	-1.800000
1249	67.799900	-1.800000
1250	71.799900	-1.800000
1251	75.799900	-1.800000
1252	79.799900	-1.800000
1253	83.799900	-1.800000
1254	87.799900	-1.800000
1255	91.799900	-1.800000
1256	95.799900	-1.800000
1257	99.799900	-1.800000
1258	103.799900	-1.800000
1259	107.799900	-1.800000
1260	111.799900	-1.800000
1261	115.799900	-1.800000
1262	119.799900	-1.800000
1263	123.799900	-1.800000
1264	127.799900	-1.800000
1265	131.799900	-1.800000
1266	135.799900	-1.800000
1267	139.799900	-1.800000
1268	143.799900	-1.800000
1269	147.799900	-1.800000
1270	151.799900	-1.800000
1271	155.799900	-1.800000
1272	159.799900	-1.800000
1273	163.799900	-1.800000
1274	167.799900	-1.800000
1275	171.799900	-1.800000
1276	175.799900	-1.800000
1277	179.799900	-1.800000
1278	183.799900	-1.800000
1279	187.799900	-1.800000
1280	191.799900	-1.800000
1281	195.799900	-1.800000
1282	199.799900	-1.800000
1283	203.799900	-1.800000
1284	207.799900	-1.800000
1285	211.799900	-1.800000
1286	215.799900	-1.800000
1287	219.799900	-1.800000
1288	223.799900	-1.800000
1289	227.799900	-1.800000
1290	231.799900	-1.800000
1291	235.799900	-1.800000
1292	239.799900	-1.800000
1293	243.799900	-1.800000
1294	247.799900	-1.800000
1295	251.799900	-1.800000
1296	255.799900	-1.800000
1297	259.799900	-1.800000
1298	263.799900	-1.800000
1299	267.799900	-1.800000
1300	271.799900	-1.800000
1301	275.799900	-1.800000
1302	279.799900	-1.800000
1303	283.799900	-1.800000
1304	287.799900	-1.800000
1305	291.799900	-1.800000
1306	295.799900	-1.800000
1307	299.799900	-1.800000
1308	303.799900	-1.800000
1309	307.799900	-1.800000
1310	311.799900	-1.800000
1311	315.799900	-1.800000
1312	319.799900	-1.800000
1313	323.799900	-1.800000
1314	327.799900	-1.800000
1315	331.799900	-1.800000
1316	335.799900	-1.800000
1317	339.799900	-1.800000
1318	343.799900	-1.800000
1319	347.799900	-1.800000
1320	351.799900	-1.800000
1321	355.799900	-1.800000
1322	359.799800	2.200000
1323	3.799800	2.200000
1324	7.799800	2.200000
1325	11.799800	2.200000
1326	15.799800	2.200000
1327	19.799800	2.200000
1328	23.799800	2.200000
1329	27.799800	2.200000
1330	31.799800	2.200000
1331	35.799800	2.200000
1332	39.799800	2.200000
1333	43.799800	2.200000
1334	47.799800	2.200000
1335	51.799800	2.200000
1336	55.799800	2.200000
1337	59.799800	2.200000
1338	63.799800	2.200000
1339	67.799800	2.200000
1340	71.799800	2.200000
1341	75.799800	2.200000
1342	79.799800	2.200000
1343	83.799800	2.200000
1344	87.799800	2.200000
1345	91.799800	2.200000
1346	95.799800	2.200000
1347	99.799800	2.200000
1348	103.799800	2.200000
1349	107.799800	2.200000
1350	111.799800	2.200000
1351	115.799800	2.200000
1352	119.799800	2.200000
1353	123.799800	2.200000
1354	127.799800	2.200000
1355	131.799800	2.200000
1356	135.799800	2.200000
1357	139.799800	2.200000
1358	143.799800	2.200000
1359	147.799800	2.200000
1360	151.799800	2.200000
1361	155.799800	2.200000
1362	159.799800	2.200000
1363	163.799800	2.200000
1364	167.799800	2.200000
1365	171.799800	2.200000
1366	175.799800	2.200000
1367	179.799800	2.200000
1368	183.799800	2.200000
1369	187.799800	2.200000
1370	191.799800	2.200000
1371	195.799800	2.200000
1372	199.799800	2.200000
1373	203.799800	2.200000
1374	207.799800	2.200000
1375	211.799800	2.200000
1376	215.799800	2.200000
1377	219.799800	2.200000
1378	223.799800	2.200000
1379	227.799800	2.200000
1380	231.799800	2.200000
1381	235.799800	2.200000
1382	239.799800	2.200000
1383	243.799800	2.200000
1384	247.799800	2.200000
1385	251.799800	2.200000
1386	255.799800	2.200000
1387	259.799800	2.200000
1388	263.799800	2.200000
1389	267.799800	2.200000
1390	271.799800	2.200000
1391	275.799800	2.200000
1392	279.799800	2.200000
1393	283.799800	2.200000
1394	287.799800	2.200000
1395	291.799800	2.200000
1396	295.799800	2.200000
1397	299.799800	2.200000
1398	303.799800	2.200000
1399	307.799800	2.200000
1400	311.799800	2.200000
1401	315.799800	2.200000
1402	319.799800	2.200000
1403	323.799800	2.200000
1404	327.799800	2.200000
1405	331.799800	2.200000
1406	335.799800	2.200000
1407	339.799800	2.200000
1408	343.799800	2.200000
1409	347.799800	2.200000
1410	351.799800	2.200000
1411	355.799800	2.200000
1412	359.796800	6.200200
1413	3.841800	6.200200
1414	7.886700	6.200200
1415	11.931700	6.200200
1416	15.976600	6.200200
1417	20.021600	6.200200
1418	24.066500	6.200200
1419	28.111400	6.200200
1420	32.156400	6.200200
1421	36.201300	6.200200
1422	40.246300	6.200200
1423	44.291200	6.200200
1424	48.336200	6.200200
1425	52.381100	6.200200
1426	56.426000	6.200200
1427	60.471000	6.200200
1428	64.515900	6.200200
1429	68.560900	6.200200
1430	72.605800	6.200200
1431	76.650800	6.200200
1432	80.695700	6.200200
1433	84.740700	6.200200
1434	88.785600	6.200200
1435	92.830500	6.200200
1436	96.875500	6.200200
1437	100.920400	6.200200
1438	104.965400	6.200200
1439	109.010300	6.200200
1440	113.055300	6.200200
1441	117.100200	6.200200
1442	121.145100	6.200200
1443	125.190100	6.200200
1444	129.235000	6.200200
1445	133.280000	6.200200
1446	137.324900	6.200200
1447	141.369900	6.200200
1448	145.414800	6.200200
1449	149.459800	6.200200
1450	153.504700	6.200200
1451	157.549600	6.200200
1452	161.594600	6.200200
1453	165.639500	6.200200
1454	169.684500	6.200200
1455	173.729400	6.200200
1456	177.774400	6.200200
1457	181.819300	6.200200
1458	185.864200	6.200200
1459	189.909200	6.200200
1460	193.954100	6.200200
1461	197.999100	6.200200
1462	202.044000	6.200200
1463	206.089000	6.200200
1464	210.133900	6.200200
1465	214.178900	6.200200
1466	218.223800	6.200200
1467	222.268700	6.200200
1468	226.313700	6.200200
1469	230.358600	6.200200
1470	234.403600	6.200200
1471	238.448500	6.200200
1472	242.493500	6.200200
1473	246.538400	6.200200
1474	250.583300	6.200200
1475	254.628300	6.200200
1476	258.673200	6.200200
1477	262.718200	6.200200
1478	266.763100	6.200200
1479	270.808100	6.200200
1480	274.853000	6.200200
1481	278.898000	6.200200
1482	282.942900	6.200200
1483	286.987800	6.200200
1484	291.032800	6.200200
1485	295.077700	6.200200
1486	299.122700	6.200200
1487	303.167600	6.200200
1488	307.212600	6.200200
1489	311.257500	6.200200
1490	315.302400	6.200200
1491	319.347400	6.200200
1492	323.392400	6.200200
1493	327.437300	6.200200
1494	331.482200	6.200200
1495	335.527200	6.200200
1496	339.572100	6.200200
1497	343.617100	6.200200
1498	347.662000	6.200200
1499	351.707000	6.200200
1500	355.751900	6.200200
1501	359.796500	10.200200
1502	3.841400	10.200200
1503	7.886400	10.200200
1504	11.931300	10.200200
1505	15.976200	10.200200
1506	20.021200	10.200200
1507	24.066100	10.200200
1508	28.111100	10.200200
1509	32.156000	10.200200
1510	36.201000	10.200200
1511	40.245900	10.200200
1512	44.290900	10.200200
1513	48.335800	10.200200
1514	52.380700	10.200200
1515	56.425700	10.200200
1516	60.470600	10.200200
1517	64.515600	10.200200
1518	68.560500	10.200200
1519	72.605500	10.200200
1520	76.650400	10.200200
1521	80.695400	10.200200
1522	84.740300	10.200200
1523	88.785200	10.200200
1524	92.830200	10.200200
1525	96.875100	10.200200
1526	100.920100	10.200200
1527	104.965000	10.200200
1528	109.010000	10.200200
1529	113.054900	10.200200
1530	117.099800	10.200200
1531	121.144800	10.200200
1532	125.189700	10.200200
1533	129.234700	10.200200
1534	133.279600	10.200200
1535	137.324600	10.200200
1536	141.369500	10.200200
1537	145.414500	10.200200
1538	149.459400	10.200200
1539	153.504300	10.200200
1540	157.549300	10.200200
1541	161.594200	10.200200
1542	165.639200	10.200200
1543	169.684100	10.200200
1544	173.729100	10.200200
1545	177.774000	10.200200
1546	181.818900	10.200200
1547	185.863900	10.200200
1548	189.908800	10.200200
1549	193.953800	10.200200
1550	197.998700	10.200200
1551	202.043700	10.200200
1552	206.088600	10.200200
1553	210.133600	10.200200
1554	214.178500	10.200200
1555	218.223400	10.200200
1556	222.268400	10.200200
1557	226.313300	10.200200
1558	230.358300	10.200200
1559	234.403200	10.200200
1560	238.448200	10.200200
1561	242.493100	10.200200
1562	246.538000	10.200200
1563	250.583000	10.200200
1564	254.627900	10.200200
1565	258.672900	10.200200
1566	262.717800	10.200200
1567	266.762800	10.200200
1568	270.807700	10.200200
1569	274.852700	10.200200
1570	278.897600	10.200200
1571	282.942500	10.200200
1572	286.987500	10.200200
1573	291.032400	10.200200
1574	295.077400	10.200200
1575	299.122300	10.200200
1576	303.167300	10.200200
1577	307.212200	10.200200
1578	311.257100	10.200200
1579	315.302100	10.200200
1580	319.347000	10.200200
1581	323.392000	10.200200
1582	327.436900	10.200200
1583	331.481900	10.200200
1584	335.526800	10.200200
1585	339.571700	10.200200
1586	343.616700	10.200200
1587	347.661600	10.200200
1588	351.706600	10.200200
1589	355.751500	10.200200
1590	359.793600	14.200500
1591	3.884500	14.200500
1592	7.975400	14.200500
1593	12.066400	14.200500
1594	16.157300	14.200500
1595	20.248200	14.200500
1596	24.339100	14.200500
1597	28.430000	14.200500
1598	32.520900	14.200500
1599	36.611800	14.200500
1600	40.702700	14.200500
1601	44.793600	14.200500
1602	48.884500	14.200500
1603	52.975400	14.200500
1604	57.066400	14.200500
1605	61.157300	14.200500
1606	65.248200	14.200500
1607	69.339100	14.200500
1608	73.430000	14.200500
1609	77.520900	14.200500
1610	81.611800	14.200500
1611	85.702700	14.200500
1612	89.793600	14.200500
1613	93.884500	14.200500
1614	97.975400	14.200500
1615	102.066400	14.200500
1616	106.157300	14.200500
1617	110.248200	14.200500
1618	114.339100	14.200500
1619	118.430000	14.200500
1620	122.520900	14.200500
1621	126.611800	14.200500
1622	130.702700	14.200500
1623	134.793600	14.200500
1624	138.884500	14.200500
1625	142.975400	14.200500
1626	147.066300	14.200500
1627	151.157300	14.200500
1628	155.248200	14.200500
1629	159.339100	14.200500
1630	163.430000	14.200500
1631	167.520900	14.200500
1632	171.611800	14.200500
1633	175.702700	14.200500
1634	179.793600	14.200500
1635	183.884500	14.200500
1636	187.975400	14.200500
1637	192.066300	14.200500
1638	196.157300	14.200500
1639	200.248200	14.200500
1640	204.339100	14.200500
1641	208.430000	14.200500
1642	212.520900	14.200500
1643	216.611800	14.200500
1644	220.702700	14.200500
1645	224.793600	14.200500
1646	228.884500	14.200500
1647	232.975400	14.200500
1648	237.066300	14.200500
1649	241.157300	14.200500
1650	245.248200	14.200500
1651	249.339100	14.200500
1652	253.430000	14.200500
1653	257.520900	14.200500
1654	261.611800	14.200500
1655	265.702700	14.200500
1656	269.793600	14.200500
1657	273.884500	14.200500
1658	277.975500	14.200500
1659	282.066400	14.200500
1660	286.157200	14.200500
1661	290.248200	14.200500
1662	294.339100	14.200500
1663	298.430000	14.200500
1664	302.520900	14.200500
1665	306.611800	14.200500
1666	310.702700	14.200500
1667	314.793600	14.200500
1668	318.884500	14.200500
1669	322.975500	14.200500
1670	327.066300	14.200500
1671	331.157200	14.200500
1672	335.248200	14.200500
1673	339.339100	14.200500
1674	343.430000	14.200500
1675	347.520900	14.200500
1676	351.611800	14.200500
1677	355.702700	14.200500
1678	359.788300	18.200700
1679	3.974300	18.200700
1680	8.160400	18.200700
1681	12.346400	18.200700
1682	16.532500	18.200700
1683	20.718500	18.200700
1684	24.904600	18.200700
1685	29.090600	18.200700
1686	33.276700	18.200700
1687	37.462700	18.200700
1688	41.648800	18.200700
1689	45.834800	18.200700
1690	50.020900	18.200700
1691	54.206900	18.200700
1692	58.393000	18.200700
1693	62.579000	18.200700
1694	66.765000	18.200700
1695	70.951100	18.200700
1696	75.137100	18.200700
1697	79.323200	18.200700
1698	83.509200	18.200700
1699	87.695300	18.200700
1700	91.881300	18.200700
1701	96.067400	18.200700
1702	100.253400	18.200700
1703	104.439500	18.200700
1704	108.625500	18.200700
1705	112.811600	18.200700
1706	116.997600	18.200700
1707	121.183700	18.200700
1708	125.369700	18.200700
1709	129.555700	18.200700
1710	133.741800	18.200700
1711	137.927800	18.200700
1712	142.113900	18.200700
1713	146.299900	18.200700
1714	150.486000	18.200700
1715	154.672000	18.200700
1716	158.858100	18.200700
1717	163.044100	18.200700
1718	167.230200	18.200700
1719	171.416200	18.200700
1720	175.602300	18.200700
1721	179.788300	18.200700
1722	183.974300	18.200700
1723	188.160400	18.200700
1724	192.346400	18.200700
1725	196.532500	18.200700
1726	200.718500	18.200700
1727	204.904600	18.200700
1728	209.090600	18.200700
1729	213.276700	18.200700
1730	217.462700	18.200700
1731	221.648800	18.200700
1732	225.834800	18.200700
1733	230.020900	18.200700
1734	234.206900	18.200700
1735	238.393000	18.200700
1736	242.579000	18.200700
1737	246.765000	18.200700
1738	250.951100	18.200700
1739	255.137100	18.200700
1740	259.323200	18.200700
1741	263.509200	18.200700
1742	267.695300	18.200700
1743	271.881300	18.200700
1744	276.067400	18.200700
1745	280.253400	18.200700
1746	284.439500	18.200700
1747	288.625500	18.200700
1748	292.811600	18.200700
1749	296.997600	18.200700
1750	301.183700	18.200700
1751	305.369700	18.200700
1752	309.555800	18.200700
1753	313.741800	18.200700
1754	317.927800	18.200700
1755	322.113900	18.200700
1756	326.299900	18.200700
1757	330.486000	18.200700
1758	334.672000	18.200700
1759	338.858100	18.200700
1760	343.044100	18.200700
1761	347.230200	18.200700
1762	351.416200	18.200700
1763	355.602300	18.200700
1764	359.782600	22.200500
1765	4.068300	22.200500
1766	8.354000	22.200500
1767	12.639700	22.200500
1768	16.925400	22.200500
1769	21.211100	22.200500
1770	25.496800	22.200500
1771	29.782600	22.200500
1772	34.068300	22.200500
1773	38.354000	22.200500
1774	42.639700	22.200500
1775	46.925400	22.200500
1776	51.211100	22.200500
1777	55.496800	22.200500
1778	59.782600	22.200500
1779	64.068300	22.200500
1780	68.354000	22.200500
1781	72.639700	22.200500
1782	76.925400	22.200500
1783	81.211100	22.200500
1784	85.496800	22.200500
1785	89.782600	22.200500
1786	94.068300	22.200500
1787	98.354000	22.200500
1788	102.639700	22.200500
1789	106.925400	22.200500
1790	111.211100	22.200500
1791	115.496800	22.200500
1792	119.782600	22.200500
1793	124.068300	22.200500
1794	128.354000	22.200500
1795	132.639700	22.200500
1796	136.925400	22.200500
1797	141.211100	22.200500
1798	145.496800	22.200500
1799	149.782600	22.200500
1800	154.068300	22.200500
1801	158.354000	22.200500
1802	162.639700	22.200500
1803	166.925400	22.200500
1804	171.211100	22.200500
1805	175.496800	22.200500
1806	179.782600	22.200500
1807	184.068300	22.200500
1808	188.354000	22.200500
1809	192.639700	22.200500
1810	196.925400	22.200500
1811	201.211100	22.200500
1812	205.496800	22.200500
1813	209.782600	22.200500
1814	214.068300	22.200500
1815	218.354000	22.200500
1816	222.639700	22.200500
1817	226.925400	22.200500
1818	231.211100	22.200500
1819	235.496800	22.200500
1820	239.782600	22.200500
1821	244.068300	22.200500
1822	248.354000	22.200500
1823	252.639700	22.200500
1824	256.925400	22.200500
1825	261.211100	22.200500
1826	265.496800	22.200500
1827	269.782600	22.200500
1828	274.068300	22.200500
1829	278.354000	22.200500
1830	282.639700	22.200500
1831	286.925400	22.200500
1832	291.211100	22.200500
1833	295.496800	22.200500
1834	299.782600	22.200500
1835	304.068300	22.200500
1836	308.354000	22.200500
1837	312.639700	22.200500
1838	316.925400	22.200500
1839	321.211100	22.200500
1840	325.496800	22.200500
1841	329.782600	22.200500
1842	334.068300	22.200500
1843	338.354000	22.200500
1844	342.639700	22.200500
1845	346.925400	22.200500
1846	351.211100	22.200500
1847	355.496800	22.200500
1848	359.776600	26.200700
1849	4.166800	26.200700
1850	8.557100	26.200700
1851	12.947300	26.200700
1852	17.337600	26.200700
1853	21.727800	26.200700
1854	26.118100	26.200700
1855	30.508300	26.200700
1856	34.898500	26.200700
1857	39.288800	26.200700
1858	43.679000	26.200700
1859	48.069300	26.200700
1860	52.459500	26.200700
1861	56.849800	26.200700
1862	61.240000	26.200700
1863	65.630300	26.200700
1864	70.020500	26.200700
1865	74.410700	26.200700
1866	78.801000	26.200700
1867	83.191200	26.200700
1868	87.581500	26.200700
1869	91.971700	26.200700
1870	96.362000	26.200700
1871	100.752200	26.200700
1872	105.142500	26.200700
1873	109.532700	26.200700
1874	113.922900	26.200700
1875	118.313200	26.200700
1876	122.703400	26.200700
1877	127.093700	26.200700
1878	131.483900	26.200700
1879	135.874200	26.200700
1880	140.264400	26.200700
1881	144.654600	26.200700
1882	149.044900	26.200700
1883	153.435100	26.200700
1884	157.825400	26.200700
1885	162.215600	26.200700
1886	166.605900	26.200700
1887	170.996100	26.200700
1888	175.386400	26.200700
1889	179.776600	26.200700
1890	184.166800	26.200700
1891	188.557100	26.200700
1892	192.947300	26.200700
1893	197.337600	26.200700
1894	201.727800	26.200700
1895	206.118100	26.200700
1896	210.508300	26.200700
1897	214.898600	26.200700
1898	219.288800	26.200700
1899	223.679000	26.200700
1900	228.069300	26.200700
1901	232.459500	26.200700
1902	236.849800	26.200700
1903	241.240000	26.200700
1904	245.630300	26.200700
1905	250.020500	26.200700
1906	254.410800	26.200700
1907	258.801000	26.200700
1908	263.191200	26.200700
1909	267.581500	26.200700
1910	271.971700	26.200700
1911	276.362000	26.200700
1912	280.752200	26.200700
1913	285.142500	26.200700
1914	289.532700	26.200700
1915	293.923000	26.200700
1916	298.313200	26.200700
1917	302.703400	26.200700
1918	307.093700	26.200700
1919	311.483900	26.200700
1920	315.874200	26.200700
1921	320.264400	26.200700
1922	324.654600	26.200700
1923	329.044900	26.200700
1924	333.435100	26.200700
1925	337.825400	26.200700
1926	342.215600	26.200700
1927	346.605900	26.200700
1928	350.996100	26.200700
1929	355.386400	26.200700
1930	359.767100	30.200700
1931	4.324100	30.200700
1932	8.881100	30.200700
1933	13.438000	30.200700
1934	17.995000	30.200700
1935	22.552000	30.200700
1936	27.108900	30.200700
1937	31.665900	30.200700
1938	36.222800	30.200700
1939	40.779800	30.200700
1940	45.336800	30.200700
1941	49.893700	30.200700
1942	54.450700	30.200700
1943	59.007700	30.200700
1944	63.564600	30.200700
1945	68.121600	30.200700
1946	72.678500	30.200700
1947	77.235500	30.200700
1948	81.792500	30.200700
1949	86.349400	30.200700
1950	90.906400	30.200700
1951	95.463400	30.200700
1952	100.020300	30.200700
1953	104.577300	30.200700
1954	109.134200	30.200700
1955	113.691200	30.200700
1956	118.248200	30.200700
1957	122.805100	30.200700
1958	127.362100	30.200700
1959	131.919000	30.200700
1960	136.476000	30.200700
1961	141.033000	30.200700
1962	145.589900	30.200700
1963	150.146900	30.200700
1964	154.703900	30.200700
1965	159.260800	30.200700
1966	163.817800	30.200700
1967	168.374700	30.200700
1968	172.931700	30.200700
1969	177.488700	30.200700
1970	182.045600	30.200700
1971	186.602600	30.200700
1972	191.159600	30.200700
1973	195.716500	30.200700
1974	200.273500	30.200700
1975	204.830400	30.200700
1976	209.387400	30.200700
1977	213.944400	30.200700
1978	218.501300	30.200700
1979	223.058300	30.200700
1980	227.615200	30.200700
1981	232.172200	30.200700
1982	236.729200	30.200700
1983	241.286100	30.200700
1984	245.843100	30.200700
1985	250.400100	30.200700
1986	254.957000	30.200700
1987	259.514000	30.200700
1988	264.070900	30.200700
1989	268.627900	30.200700
1990	273.184900	30.200700
1991	277.741800	30.200700
1992	282.298800	30.200700
1993	286.855700	30.200700
1994	291.412700	30.200700
1995	295.969700	30.200700
1996	300.526600	30.200700
1997	305.083600	30.200700
1998	309.640600	30.200700
1999	314.197500	30.200700
2000	318.754500	30.200700
2001	323.311500	30.200700
2002	327.868400	30.200700
2003	332.425400	30.200700
2004	336.982300	30.200700
2005	341.539300	30.200700
2006	346.096200	30.200700
2007	350.653200	30.200700
2008	355.210200	30.200700
2009	359.756900	34.201100
2010	4.493700	34.201100
2011	9.230600	34.201100
2012	13.967400	34.201100
2013	18.704300	34.201100
2014	23.441100	34.201100
2015	28.177900	34.201100
2016	32.914800	34.201100
2017	37.651600	34.201100
2018	42.388500	34.201100
2019	47.125300	34.201100
2020	51.862100	34.201100
2021	56.599000	34.201100
2022	61.335800	34.201100
2023	66.072700	34.201100
2024	70.809500	34.201100
2025	75.546400	34.201100
2026	80.283200	34.201100
2027	85.020000	34.201100
2028	89.756900	34.201100
2029	94.493700	34.201100
2030	99.230600	34.201100
2031	103.967400	34.201100
2032	108.704300	34.201100
2033	113.441100	34.201100
2034	118.177900	34.201100
2035	122.914800	34.201100
2036	127.651600	34.201100
2037	132.388500	34.201100
2038	137.125300	34.201100
2039	141.862200	34.201100
2040	146.599000	34.201100
2041	151.335800	34.201100
2042	156.072700	34.201100
2043	160.809500	34.201100
2044	165.546400	34.201100
2045	170.283200	34.201100
2046	175.020000	34.201100
2047	179.756900	34.201100
2048	184.493700	34.201100
2049	189.230600	34.201100
2050	193.967400	34.201100
2051	198.704300	34.201100
2052	203.441100	34.201100
2053	208.177900	34.201100
2054	212.914800	34.201100
2055	217.651600	34.201100
2056	222.388500	34.201100
2057	227.125300	34.201100
2058	231.862200	34.201100
2059	236.599000	34.201100
2060	241.335800	34.201100
2061	246.072700	34.201100
2062	250.809500	34.201100
2063	255.546400	34.201100
2064	260.283200	34.201100
2065	265.020000	34.201100
2066	269.756900	34.201100
2067	274.493700	34.201100
2068	279.230600	34.201100
2069	283.967400	34.201100
2070	288.704200	34.201100
2071	293.441100	34.201100
2072	298.177900	34.201100
2073	302.914800	34.201100
2074	307.651600	34.201100
2075	312.388500	34.201100
2076	317.125300	34.201100
2077	321.862100	34.201100
2078	326.599000	34.201100
2079	331.335800	34.201100
2080	336.072700	34.201100
2081	340.809500	34.201100
2082	345.546400	34.201100
2083	350.283200	34.201100
2084	355.020000	34.201100
2085	359.742500	38.201200
2086	4.742500	38.201200
2087	9.742500	38.201200
2088	14.742500	38.201200
2089	19.742500	38.201200
2090	24.742500	38.201200
2091	29.742500	38.201200
2092	34.742500	38.201200
2093	39.742500	38.201200
2094	44.742500	38.201200
2095	49.742500	38.201200
2096	54.742500	38.201200
2097	59.742500	38.201200
2098	64.742500	38.201200
2099	69.742500	38.201200
2100	74.742500	38.201200
2101	79.742500	38.201200
2102	84.742500	38.201200
2103	89.742500	38.201200
2104	94.742500	38.201200
2105	99.742500	38.201200
2106	104.742500	38.201200
2107	109.742500	38.201200
2108	114.742500	38.201200
2109	119.742500	38.201200
2110	124.742500	38.201200
2111	129.742500	38.201200
2112	134.742500	38.201200
2113	139.742500	38.201200
2114	144.742500	38.201200
2115	149.742500	38.201200
2116	154.742500	38.201200
2117	159.742500	38.201200
2118	164.742500	38.201200
2119	169.742500	38.201200
2120	174.742500	38.201200
2121	179.742500	38.201200
2122	184.742500	38.201200
2123	189.742500	38.201200
2124	194.742500	38.201200
2125	199.742500	38.201200
2126	204.742500	38.201200
2127	209.742500	38.201200
2128	214.742500	38.201200
2129	219.742500	38.201200
2130	224.742500	38.201200
2131	229.742500	38.201200
2132	234.742500	38.201200
2133	239.742500	38.201200
2134	244.742500	38.201200
2135	249.742500	38.201200
2136	254.742500	38.201200
2137	259.742500	38.201200
2138	264.742500	38.201200
2139	269.742500	38.201200
2140	274.742500	38.201200
2141	279.742500	38.201200
2142	284.742500	38.201200
2143	289.742500	38.201200
2144	294.742500	38.201200
2145	299.742500	38.201200
2146	304.742500	38.201200
2147	309.742500	38.201200
2148	314.742500	38.201200
2149	319.742500	38.201200
2150	324.742500	38.201200
2151	329.742500	38.201200
2152	334.742500	38.201200
2153	339.742500	38.201200
2154	344.742500	38.201200
2155	349.742500	38.201200
2156	354.742500	38.201200
2157	359.726200	42.201200
2158	5.020300	42.201200
2159	10.314400	42.201200
2160	15.608500	42.201200
2161	20.902600	42.201200
2162	26.196800	42.201200
2163	31.490900	42.201200
2164	36.785000	42.201200
2165	42.079100	42.201200
2166	47.373200	42.201200
2167	52.667400	42.201200
2168	57.961500	42.201200
2169	63.255600	42.201200
2170	68.549700	42.201200
2171	73.843800	42.201200
2172	79.137900	42.201200
2173	84.432100	42.201200
2174	89.726200	42.201200
2175	95.020300	42.201200
2176	100.314400	42.201200
2177	105.608500	42.201200
2178	110.902600	42.201200
2179	116.196800	42.201200
2180	121.490900	42.201200
2181	126.785000	42.201200
2182	132.079100	42.201200
2183	137.373200	42.201200
2184	142.667400	42.201200
2185	147.961500	42.201200
2186	153.255600	42.201200
2187	158.549700	42.201200
2188	163.843800	42.201200
2189	169.137900	42.201200
2190	174.432000	42.201200
2191	179.726200	42.201200
2192	185.020300	42.201200
2193	190.314400	42.201200
2194	195.608500	42.201200
2195	200.902600	42.201200
2196	206.196800	42.201200
2197	211.490900	42.201200
2198	216.785000	42.201200
2199	222.079100	42.201200
2200	227.373200	42.201200
2201	232.667300	42.201200
2202	237.961500	42.201200
2203	243.255600	42.201200
2204	248.549700	42.201200
2205	253.843800	42.201200
2206	259.137900	42.201200
2207	264.432000	42.201200
2208	269.726200	42.201200
2209	275.020300	42.201200
2210	280.314400	42.201200
2211	285.608500	42.201200
2212	290.902600	42.201200
2213	296.196800	42.201200
2214	301.490900	42.201200
2215	306.785000	42.201200
2216	312.079100	42.201200
2217	317.373200	42.201200
2218	322.667300	42.201200
2219	327.961500	42.201200
2220	333.255600	42.201200
2221	338.549700	42.201200
2222	343.843800	42.201200
2223	349.137900	42.201200
2224	354.432000	42.201200
2225	359.707400	46.201200
2226	5.332400	46.201200
2227	10.957400	46.201200
2228	16.582400	46.201200
2229	22.207400	46.201200
2230	27.832400	46.201200
2231	33.457400	46.201200
2232	39.082400	46.201200
2233	44.707400	46.201200
2234	50.332400	46.201200
2235	55.957400	46.201200
2236	61.582400	46.201200
2237	67.207400	46.201200
2238	72.832400	46.201200
2239	78.457400	46.201200
2240	84.082400	46.201200
2241	89.707400	46.201200
2242	95.332400	46.201200
2243	100.957400	46.201200
2244	106.582400	46.201200
2245	112.207400	46.201200
2246	117.832400	46.201200
2247	123.457400	46.201200
2248	129.082400	46.201200
2249	134.707400	46.201200
2250	140.332400	46.201200
2251	145.957400	46.201200
2252	151.582400	46.201200
2253	157.207400	46.201200
2254	162.832400	46.201200
2255	168.457400	46.201200
2256	174.082400	46.201200
2257	179.707400	46.201200
2258	185.332400	46.201200
2259	190.957400	46.201200
2260	196.582400	46.201200
2261	202.207400	46.201200
2262	207.832400	46.201200
2263	213.457400	46.201200
2264	219.082400	46.201200
2265	224.707400	46.201200
2266	230.332400	46.201200
2267	235.957400	46.201200
2268	241.582400	46.201200
2269	247.207400	46.201200
2270	252.832400	46.201200
2271	258.457400	46.201200
2272	264.082400	46.201200
2273	269.707400	46.201200
2274	275.332400	46.201200
2275	280.957400	46.201200
2276	286.582400	46.201200
2277	292.207400	46.201200
2278	297.832400	46.201200
2279	303.457400	46.201200
2280	309.082400	46.201200
2281	314.707400	46.201200
2282	320.332400	46.201200
2283	325.957400	46.201200
2284	331.582400	46.201200
2285	337.207400	46.201200
2286	342.832400	46.201200
2287	348.457400	46.201200
2288	354.082400	46.201200
2289	359.686500	50.201600
2290	5.686500	50.201600
2291	11.686500	50.201600
2292	17.686500	50.201600
2293	23.686500	50.201600
2294	29.686500	50.201600
2295	35.686500	50.201600
2296	41.686500	50.201600
2297	47.686500	50.201600
2298	53.686500	50.201600
2299	59.686500	50.201600
2300	65.686500	50.201600
2301	71.686500	50.201600
2302	77.686500	50.201600
2303	83.686500	50.201600
2304	89.686500	50.201600
2305	95.686500	50.201600
2306	101.686500	50.201600
2307	107.686500	50.201600
2308	113.686500	50.201600
2309	119.686500	50.201600
2310	125.686500	50.201600
2311	131.686500	50.201600
2312	137.686500	50.201600
2313	143.686500	50.201600
2314	149.686500	50.201600
2315	155.686500	50.201600
2316	161.686500	50.201600
2317	167.686500	50.201600
2318	173.686500	50.201600
2319	179.686500	50.201600
2320	185.686500	50.201600
2321	191.686500	50.201600
2322	197.686500	50.201600
2323	203.686500	50.201600
2324	209.686500	50.201600
2325	215.686500	50.201600
2326	221.686500	50.201600
2327	227.686500	50.201600
2328	233.686500	50.201600
2329	239.686500	50.201600
2330	245.686500	50.201600
2331	251.686500	50.201600
2332	257.686500	50.201600
2333	263.686500	50.201600
2334	269.686500	50.201600
2335	275.686500	50.201600
2336	281.686500	50.201600
2337	287.686500	50.201600
2338	293.686500	50.201600
2339	299.686500	50.201600
2340	305.686500	50.201600
2341	311.686500	50.201600
2342	317.686500	50.201600
2343	323.686500	50.201600
2344	329.686500	50.201600
2345	335.686500	50.201600
2346	341.686500	50.201600
2347	347.686500	50.201600
2348	353.686500	50.201600
2349	359.655400	54.201600
2350	6.200800	54.201600
2351	12.746300	54.201600
2352	19.291700	54.201600
2353	25.837200	54.201600
2354	32.382600	54.201600
2355	38.928100	54.201600
2356	45.473500	54.201600
2357	52.019000	54.201600
2358	58.564400	54.201600
2359	65.109900	54.201600
2360	71.655400	54.201600
2361	78.200800	54.201600
2362	84.746300	54.201600
2363	91.291700	54.201600
2364	97.837200	54.201600
2365	104.382600	54.201600
2366	110.928100	54.201600
2367	117.473500	54.201600
2368	124.019000	54.201600
2369	130.564400	54.201600
2370	137.109900	54.201600
2371	143.655400	54.201600
2372	150.200800	54.201600
2373	156.746300	54.201600
2374	163.291700	54.201600
2375	169.837200	54.201600
2376	176.382600	54.201600
2377	182.928100	54.201600
2378	189.473500	54.201600
2379	196.019000	54.201600
2380	202.564400	54.201600
2381	209.109900	54.201600
2382	215.655400	54.201600
2383	222.200800	54.201600
2384	228.746300	54.201600
2385	235.291700	54.201600
2386	241.837200	54.201600
2387	248.382600	54.201600
2388	254.928100	54.201600
2389	261.473500	54.201600
2390	268.019000	54.201600
2391	274.564400	54.201600
2392	281.109900	54.201600
2393	287.655400	54.201600
2394	294.200800	54.201600
2395	300.746300	54.201600
2396	307.291700	54.201600
2397	313.837200	54.201600
2398	320.382600	54.201600
2399	326.928100	54.201600
2400	333.473500	54.201600
2401	340.019000	54.201600
2402	346.564400	54.201600
2403	353.109900	54.201600
2404	359.617700	58.202100
2405	6.817700	58.202100
2406	14.017700	58.202100
2407	21.217700	58.202100
2408	28.417700	58.202100
2409	35.617700	58.202100
2410	42.817700	58.202100
2411	50.017700	58.202100
2412	57.217700	58.202100
2413	64.417700	58.202100
2414	71.617700	58.202100
2415	78.817700	58.202100
2416	86.017700	58.202100
2417	93.217700	58.202100
2418	100.417700	58.202100
2419	107.617700	58.202100
2420	114.817700	58.202100
2421	122.017700	58.202100
2422	129.217700	58.202100
2423	136.417700	58.202100
2424	143.617700	58.202100
2425	150.817700	58.202100
2426	158.017700	58.202100
2427	165.217700	58.202100
2428	172.417700	58.202100
2429	179.617700	58.202100
2430	186.817700	58.202100
2431	194.017700	58.202100
2432	201.217700	58.202100
2433	208.417700	58.202100
2434	215.617700	58.202100
2435	222.817700	58.202100
2436	230.017700	58.202100
2437	237.217700	58.202100
2438	244.417700	58.202100
2439	251.617700	58.202100
2440	258.817700	58.202100
2441	266.017700	58.202100
2442	273.217700	58.202100
2443	280.417700	58.202100
2444	287.617700	58.202100
2445	294.817700	58.202100
2446	302.017700	58.202100
2447	309.217700	58.202100
2448	316.417700	58.202100
2449	323.617700	58.202100
2450	330.817700	58.202100
2451	338.017700	58.202100
2452	345.217600	58.202100
2453	352.417700	58.202100
2454	359.571100	62.202000
2455	7.571100	62.202000
2456	15.571100	62.202000
2457	23.571100	62.202000
2458	31.571100	62.202000
2459	39.571100	62.202000
2460	47.571100	62.202000
2461	55.571100	62.202000
2462	63.571100	62.202000
2463	71.571100	62.202000
2464	79.571100	62.202000
2465	87.571100	62.202000
2466	95.571100	62.202000
2467	103.571100	62.202000
2468	111.571100	62.202000
2469	119.571100	62.202000
2470	127.571100	62.202000
2471	135.571100	62.202000
2472	143.571100	62.202000
2473	151.571100	62.202000
2474	159.571100	62.202000
2475	167.571100	62.202000
2476	175.571100	62.202000
2477	183.571100	62.202000
2478	191.571100	62.202000
2479	199.571100	62.202000
2480	207.571100	62.202000
2481	215.571100	62.202000
2482	223.571100	62.202000
2483	231.571100	62.202000
2484	239.571100	62.202000
2485	247.571100	62.202000
2486	255.571100	62.202000
2487	263.571100	62.202000
2488	271.571100	62.202000
2489	279.571100	62.202000
2490	287.571100	62.202000
2491	295.571100	62.202000
2492	303.571100	62.202000
2493	311.571100	62.202000
2494	319.571100	62.202000
2495	327.571100	62.202000
2496	335.571100	62.202000
2497	343.571100	62.202000
2498	351.571100	62.202000
2499	359.498400	66.202500
2500	8.729200	66.202500
2501	17.959900	66.202500
2502	27.190700	66.202500
2503	36.421500	66.202500
2504	45.652300	66.202500
2505	54.883000	66.202500
2506	64.113800	66.202500
2507	73.344600	66.202500
2508	82.575300	66.202500
2509	91.806100	66.202500
2510	101.036900	66.202500
2511	110.267600	66.202500
2512	119.498400	66.202500
2513	128.729200	66.202500
2514	137.959900	66.202500
2515	147.190700	66.202500
2516	156.421500	66.202500
2517	165.652200	66.202500
2518	174.883000	66.202500
2519	184.113800	66.202500
2520	193.344600	66.202500
2521	202.575300	66.202500
2522	211.806100	66.202500
2523	221.036900	66.202500
2524	230.267600	66.202500
2525	239.498400	66.202500
2526	248.729200	66.202500
2527	257.960000	66.202500
2528	267.190700	66.202500
2529	276.421500	66.202500
2530	285.652200	66.202500
2531	294.883000	66.202500
2532	304.113800	66.202500
2533	313.344600	66.202500
2534	322.575300	66.202500
2535	331.806100	66.202500
2536	341.036900	66.202500
2537	350.267600	66.202500
2538	359.396300	70.202800
2539	10.305400	70.202800
2540	21.214400	70.202800
2541	32.123500	70.202800
2542	43.032600	70.202800
2543	53.941700	70.202800
2544	64.850800	70.202800
2545	75.759900	70.202800
2546	86.669000	70.202800
2547	97.578100	70.202800
2548	108.487200	70.202800
2549	119.396300	70.202800
2550	130.305400	70.202800
2551	141.214400	70.202800
2552	152.123500	70.202800
2553	163.032600	70.202800
2554	173.941700	70.202800
2555	184.850800	70.202800
2556	195.759900	70.202800
2557	206.669000	70.202800
2558	217.578100	70.202800
2559	228.487200	70.202800
2560	239.396300	70.202800
2561	250.305400	70.202800
2562	261.214400	70.202800
2563	272.123500	70.202800
2564	283.032600	70.202800
2565	293.941700	70.202800
2566	304.850800	70.202800
2567	315.759900	70.202800
2568	326.669000	70.202800
2569	337.578100	70.202800
2570	348.487200	70.202800
2571	359.243200	74.203100
2572	12.576600	74.203100
2573	25.909900	74.203100
2574	39.243200	74.203100
2575	52.576600	74.203100
2576	65.909900	74.203100
2577	79.243200	74.203100
2578	92.576600	74.203100
2579	105.909900	74.203100
2580	119.243200	74.203100
2581	132.576600	74.203100
2582	145.909900	74.203100
2583	159.243200	74.203100
2584	172.576600	74.203100
2585	185.909900	74.203100
2586	199.243200	74.203100
2587	212.576600	74.203100
2588	225.909900	74.203100
2589	239.243200	74.203100
2590	252.576600	74.203100
2591	265.909900	74.203100
2592	279.243200	74.203100
2593	292.576600	74.203100
2594	305.909900	74.203100
2595	319.243200	74.203100
2596	332.576600	74.203100
2597	345.909900	74.203100
2598	358.985500	78.203600
2599	16.128300	78.203600
2600	33.271200	78.203600
2601	50.414000	78.203600
2602	67.556900	78.203600
2603	84.699800	78.203600
2604	101.842600	78.203600
2605	118.985500	78.203600
2606	136.128300	78.203600
2607	153.271200	78.203600
2608	170.414000	78.203600
2609	187.556900	78.203600
2610	204.699800	78.203600
2611	221.842600	78.203600
2612	238.985500	78.203600
2613	256.128300	78.203600
2614	273.271200	78.203600
2615	290.414000	78.203600
2616	307.556900	78.203600
2617	324.699700	78.203600
2618	341.842600	78.203600
2619	358.464000	82.203700
2620	22.464000	82.203700
2621	46.464000	82.203700
2622	70.464000	82.203700
2623	94.464000	82.203700
2624	118.464000	82.203700
2625	142.464000	82.203700
2626	166.464000	82.203700
2627	190.464000	82.203700
2628	214.464000	82.203700
2629	238.464000	82.203700
2630	262.464000	82.203700
2631	286.464000	82.203700
2632	310.464000	82.203700
2633	334.464000	82.203700
2634	356.841900	86.200500
2635	36.841900	86.200500
2636	76.841900	86.200500
2637	116.841900	86.200500
2638	156.841900	86.200500
2639	196.841900	86.200500
2640	236.841900	86.200500
2641	276.841900	86.200500
2642	316.841900	86.200500
2643	225.005000	89.717100
